desc: I1 cache:         32768 B, 64 B, 8-way associative
desc: D1 cache:         32768 B, 64 B, 8-way associative
desc: LL cache:         6291456 B, 64 B, 12-way associative
cmd: ./mal 5000 5000
events: Ir I1mr ILmr Dr D1mr DLmr Dw D1mw DLmw 
fl=/build/glibc-Cl5G7W/glibc-2.23/csu/../csu/init-first.c
fn=_init
52 8 1 1 0 0 0 4 0 0
58 4 1 1 1 0 0 1 1 1
65 5 1 1 4 0 0 0 0 0
70 1 0 0 0 0 0 1 1 1
71 1 0 0 0 0 0 1 1 1
72 2 0 0 1 0 0 1 1 1
86 4 0 0 0 0 0 1 0 0
94 1 0 0 0 0 0 1 0 0
99 6 0 0 5 0 0 0 0 0
fl=/build/glibc-Cl5G7W/glibc-2.23/csu/../csu/libc-start.c
fn=(below main)
134 10 1 1 0 0 0 8 0 0
138 7 1 1 1 0 0 1 0 0
220 2 1 1 0 0 0 0 0 0
221 4 0 0 0 0 0 1 0 0
243 4 0 0 2 0 0 0 0 0
246 2 0 0 0 0 0 0 0 0
247 5 0 0 4 0 0 1 0 0
251 4 1 1 2 0 0 0 0 0
266 2 0 0 0 0 0 0 0 0
278 2 0 0 0 0 0 1 0 0
279 2 0 0 0 0 0 0 0 0
284 2 0 0 1 1 0 1 0 0
285 2 0 0 1 1 0 1 0 0
288 2 0 0 0 0 0 1 0 0
291 6 0 0 5 0 0 1 0 0
325 2 0 0 0 0 0 1 0 0
fl=/build/glibc-Cl5G7W/glibc-2.23/csu/../sysdeps/generic/dl-hash.h
fn=_init
45 12 0 0 4 0 0 0 0 0
48 12 0 0 0 0 0 0 0 0
62 16 0 0 0 0 0 0 0 0
fl=/build/glibc-Cl5G7W/glibc-2.23/csu/../sysdeps/unix/sysv/linux/x86_64/init-first.c
fn=_init
36 11 2 2 0 0 0 4 0 0
38 4 0 0 0 0 0 1 0 0
39 2 0 0 0 0 0 0 0 0
40 2 1 1 0 0 0 0 0 0
41 2 1 1 1 0 0 0 0 0
42 1 0 0 0 0 0 1 0 0
44 3 0 0 0 0 0 1 0 0
45 2 0 0 1 0 0 0 0 0
46 1 0 0 0 0 0 1 0 0
fl=/build/glibc-Cl5G7W/glibc-2.23/ctype/ctype-info.c
fn=__ctype_init
31 7 2 2 5 2 0 1 0 0
33 4 0 0 2 0 0 1 0 0
35 5 0 0 3 0 0 1 0 0
fl=/build/glibc-Cl5G7W/glibc-2.23/elf/../elf/dl-runtime.c
fn=_dl_fixup
66 18 1 1 0 0 0 6 0 0
68 6 0 0 6 0 0 0 0 0
69 12 1 1 12 4 4 0 0 0
71 24 0 0 6 3 2 0 0 0
72 6 0 0 6 3 2 0 0 0
73 42 0 0 12 4 4 6 0 0
74 18 0 0 12 2 2 0 0 0
79 12 1 1 0 0 0 0 0 0
83 12 0 0 6 4 3 0 0 0
87 18 0 0 6 2 2 0 0 0
91 6 0 0 6 3 2 0 0 0
92 30 0 0 12 4 4 0 0 0
94 24 1 1 6 2 2 0 0 0
100 6 0 0 0 0 0 0 0 0
101 18 0 0 6 2 2 0 0 0
111 60 1 1 12 3 2 18 2 1
115 30 0 0 18 0 0 0 0 0
125 36 0 0 12 0 0 0 0 0
133 6 0 0 6 0 0 0 0 0
141 24 0 0 6 0 0 0 0 0
145 18 1 1 6 2 2 0 0 0
149 18 0 0 12 0 0 0 0 0
fl=/build/glibc-Cl5G7W/glibc-2.23/elf/../elf/dl-sysdep.c
fn=_dl_sysdep_start
86 8 1 1 0 0 0 6 1 1
110 1 0 0 0 0 0 1 0 0
111 266 1 1 87 11 11 4 3 3
114 2 0 0 0 0 0 1 0 0
115 1 0 0 0 0 0 1 0 0
117 136 6 6 35 4 4 17 1 1
118 110 0 0 18 2 2 0 0 0
121 1 0 0 1 0 0 0 0 0
122 1 0 0 0 0 0 0 0 0
124 1 1 1 1 0 0 0 0 0
125 1 0 0 0 0 0 0 0 0
127 1 1 1 1 0 0 0 0 0
128 2 0 0 0 0 0 0 0 0
130 1 0 0 1 1 1 0 0 0
131 2 0 0 0 0 0 0 0 0
151 1 1 1 1 0 0 0 0 0
152 2 0 0 0 0 0 0 0 0
154 1 0 0 1 0 0 0 0 0
155 2 0 0 0 0 0 0 0 0
157 2 1 1 1 1 1 1 0 0
158 2 0 0 0 0 0 0 0 0
163 2 0 0 1 0 0 1 0 0
164 2 0 0 0 0 0 1 0 0
179 2 0 0 1 0 0 1 0 0
180 2 0 0 0 0 0 1 0 0
231 2 0 0 0 0 0 0 0 0
232 2 0 0 0 0 0 2 0 0
234 5 1 1 0 0 0 1 0 0
246 3 0 0 1 0 0 0 0 0
249 5 0 0 1 0 0 1 0 0
250 1 1 0 1 1 0 0 0 0
251 8 1 0 7 1 0 0 0 0
fn=_dl_sysdep_start_cleanup
256 1 1 0 1 0 0 0 0 0
fl=/build/glibc-Cl5G7W/glibc-2.23/elf/../misc/sbrk.c
fn=sbrk
34 4 1 1 0 0 0 2 0 0
42 6 0 0 2 1 1 0 0 0
46 2 0 0 0 0 0 0 0 0
62 5 1 1 3 0 0 0 0 0
fl=/build/glibc-Cl5G7W/glibc-2.23/elf/../string/bits/string2.h
fn=handle_ld_preload
961 189 1 1 47 0 0 0 0 0
962 145 0 0 0 0 0 0 0 0
963 93 0 0 0 0 0 0 0 0
fl=/build/glibc-Cl5G7W/glibc-2.23/elf/../sysdeps/posix/dl-fileid.h
fn=_dl_map_object_from_fd
37 12 1 1 0 0 0 2 0 0
40 2 0 0 2 0 0 0 0 0
41 4 0 0 2 1 1 2 0 0
49 12 1 1 6 1 1 0 0 0
fl=/build/glibc-Cl5G7W/glibc-2.23/elf/../sysdeps/unix/sysv/linux/dl-osinfo.h
fn=dl_main
77 1 0 0 1 0 0 0 0 0
fl=/build/glibc-Cl5G7W/glibc-2.23/elf/../sysdeps/unix/sysv/linux/dl-sysdep.c
fn=_dl_discover_osversion
45 7 2 2 0 0 0 6 0 0
47 3 0 0 1 0 0 0 0 0
87 5 1 1 0 0 0 1 1 1
102 1 0 0 0 0 0 0 0 0
106 1 0 0 0 0 0 0 0 0
107 1 0 0 0 0 0 0 0 0
109 12 0 0 3 1 1 0 0 0
111 6 1 1 0 0 0 0 0 0
113 17 0 0 4 0 0 0 0 0
115 1 0 0 0 0 0 0 0 0
116 2 0 0 0 0 0 0 0 0
119 3 0 0 0 0 0 0 0 0
120 3 0 0 0 0 0 0 0 0
121 3 0 0 0 0 0 0 0 0
123 13 0 0 0 0 0 0 0 0
128 2 1 1 0 0 0 0 0 0
132 8 1 1 7 0 0 0 0 0
fn=_dl_sysdep_start
35 2 0 0 0 0 0 1 0 0
fl=/build/glibc-Cl5G7W/glibc-2.23/elf/../sysdeps/unix/sysv/linux/dl-vdso.c
fn=_dl_vdso_vsym
27 8 1 1 8 1 0 0 0 0
28 8 1 1 4 0 0 0 0 0
31 8 0 0 0 0 0 0 0 0
fl=/build/glibc-Cl5G7W/glibc-2.23/elf/../sysdeps/unix/sysv/linux/x86_64/brk.c
fn=brk
31 7 2 2 0 0 0 1 1 1
33 2 0 0 0 0 0 0 0 0
39 1 0 0 0 0 0 0 0 0
40 1 0 0 1 0 0 0 0 0
fl=/build/glibc-Cl5G7W/glibc-2.23/elf/../sysdeps/x86/cpu-features.c
fn=_dl_sysdep_start
29 5 1 1 0 0 0 3 0 0
32 1 0 0 0 0 0 1 0 0
33 3 0 0 0 0 0 0 0 0
34 3 0 0 0 0 0 0 0 0
35 3 0 0 0 0 0 0 0 0
36 2 1 1 0 0 0 0 0 0
41 2 0 0 0 0 0 0 0 0
61 3 1 1 0 0 0 1 0 0
64 10 0 0 0 0 0 0 0 0
68 3 1 1 0 0 0 0 0 0
73 3 0 0 0 0 0 0 0 0
76 1 0 0 0 0 0 0 0 0
77 8 1 1 1 1 1 0 0 0
112 2 1 1 1 0 0 0 0 0
134 2 1 1 1 1 1 0 0 0
175 3 1 1 1 0 0 0 0 0
176 1 0 0 1 0 0 0 0 0
179 2 0 0 0 0 0 0 0 0
180 1 1 1 1 0 0 0 0 0
182 2 0 0 1 0 0 0 0 0
183 7 0 0 0 0 0 4 0 0
190 3 0 0 1 0 0 0 0 0
194 2 0 0 0 0 0 0 0 0
196 4 1 1 0 0 0 0 0 0
200 2 1 1 0 0 0 0 0 0
201 1 0 0 1 0 0 0 0 0
207 3 0 0 1 0 0 0 0 0
209 1 1 1 1 0 0 0 0 0
212 3 0 0 0 0 0 0 0 0
228 2 0 0 0 0 0 0 0 0
229 1 0 0 1 0 0 0 0 0
231 2 0 0 1 0 0 0 0 0
247 4 1 1 0 0 0 0 0 0
248 4 1 1 0 0 0 0 0 0
251 2 1 1 0 0 0 1 0 0
252 2 0 0 1 0 0 0 0 0
258 1 0 0 0 0 0 1 0 0
259 1 0 0 0 0 0 1 0 0
260 1 0 0 0 0 0 1 0 0
fl=/build/glibc-Cl5G7W/glibc-2.23/elf/../sysdeps/x86_64/dl-machine.h
fn=_dl_fixup
235 6 0 0 0 0 0 6 0 0
fn=_dl_relocate_object
76 24 0 0 4 0 0 0 0 0
82 6 0 0 6 2 0 0 0 0
86 9 0 0 3 3 2 0 0 0
92 3 1 1 0 0 0 3 0 0
100 9 0 0 3 0 0 0 0 0
102 3 0 0 3 0 0 0 0 0
120 6 0 0 0 0 0 0 0 0
123 15 1 1 0 0 0 3 0 0
129 15 0 0 4 3 0 0 0 0
269 196 0 0 0 0 0 0 0 0
290 196 0 0 0 0 0 0 0 0
294 196 0 0 0 0 0 0 0 0
301 4223 15 15 994 83 72 743 2 0
303 436 0 0 184 2 0 0 0 0
306 368 1 1 92 0 0 0 0 0
312 588 0 0 98 3 3 0 0 0
407 42 1 1 14 0 0 0 0 0
411 70 0 0 14 1 0 0 0 0
425 70 0 0 28 1 1 14 7 7
435 249 1 1 83 9 9 83 10 6
447 9 0 0 0 0 0 3 0 0
474 3 1 1 1 0 0 0 0 0
478 7 1 1 3 1 1 2 0 0
480 4 0 0 3 0 0 0 0 0
481 1 0 0 0 0 0 0 0 0
512 3576 0 0 1192 298 298 0 0 0
517 2384 0 0 0 0 0 0 0 0
518 3576 0 0 1192 150 150 1192 224 222
528 36 0 0 22 0 0 0 0 0
532 28 0 0 0 0 0 0 0 0
534 42 0 0 14 1 0 0 0 0
535 14 0 0 14 3 2 0 0 0
554 24 0 0 16 0 0 8 0 0
555 8 0 0 0 0 0 8 0 0
fn=_dl_start
59 3 0 0 1 1 1 0 0 0
266 6 0 0 0 0 0 0 0 0
294 12 0 0 0 0 0 0 0 0
303 24 0 0 12 2 2 0 0 0
306 24 0 0 6 4 4 0 0 0
312 37 0 0 6 1 1 0 0 0
425 12 1 1 6 0 0 6 1 1
517 20 0 0 10 1 1 0 0 0
518 30 1 1 10 2 2 10 2 2
fn=_dl_sysdep_start
223 5 0 0 2 1 1 0 0 0
fl=/build/glibc-Cl5G7W/glibc-2.23/elf/../sysdeps/x86_64/dl-trampoline.h
fn=_dl_runtime_resolve_avx
64 6 1 1 0 0 0 6 0 0
67 6 0 0 0 0 0 0 0 0
69 6 0 0 0 0 0 0 0 0
71 6 0 0 0 0 0 0 0 0
74 6 1 1 0 0 0 6 2 1
75 6 0 0 0 0 0 6 0 0
76 6 0 0 0 0 0 6 0 0
77 6 0 0 0 0 0 6 0 0
78 6 0 0 0 0 0 6 0 0
79 6 0 0 0 0 0 6 0 0
80 6 0 0 0 0 0 6 0 0
81 6 0 0 0 0 0 6 2 1
82 6 1 1 0 0 0 6 3 1
83 6 0 0 0 0 0 6 0 0
84 6 0 0 0 0 0 6 2 1
85 6 0 0 0 0 0 6 0 0
86 6 0 0 0 0 0 6 2 1
87 6 0 0 0 0 0 6 0 0
88 6 0 0 0 0 0 6 2 1
93 6 0 0 0 0 0 0 0 0
94 6 1 1 0 0 0 0 0 0
95 6 0 0 0 0 0 0 0 0
96 6 0 0 0 0 0 0 0 0
110 6 0 0 6 0 0 0 0 0
111 6 0 0 6 0 0 0 0 0
112 6 0 0 0 0 0 6 0 0
113 6 0 0 0 0 0 0 0 0
118 6 0 0 0 0 0 0 0 0
119 6 0 0 0 0 0 0 0 0
120 6 1 1 0 0 0 0 0 0
121 6 0 0 0 0 0 0 0 0
134 6 0 0 6 0 0 0 0 0
135 6 0 0 6 0 0 0 0 0
136 6 0 0 6 0 0 0 0 0
137 6 0 0 6 0 0 0 0 0
138 6 0 0 6 0 0 0 0 0
139 6 0 0 6 0 0 0 0 0
140 6 1 1 6 0 0 0 0 0
141 6 0 0 6 0 0 0 0 0
142 6 0 0 6 0 0 0 0 0
143 6 0 0 6 0 0 0 0 0
144 6 0 0 6 0 0 0 0 0
145 6 0 0 6 0 0 0 0 0
146 6 0 0 6 0 0 0 0 0
147 6 0 0 6 0 0 0 0 0
148 6 0 0 6 0 0 0 0 0
150 6 0 0 0 0 0 0 0 0
152 6 1 1 6 0 0 0 0 0
156 6 0 0 0 0 0 0 0 0
159 6 0 0 0 0 0 0 0 0
fl=/build/glibc-Cl5G7W/glibc-2.23/elf/./dl-load.h
fn=_dl_map_object_from_fd
90 8 0 0 0 0 0 0 0 0
91 6 0 0 4 0 0 2 0 0
93 8 1 1 4 0 0 0 0 0
94 5 1 1 3 0 0 0 0 0
95 11 1 1 3 0 0 0 0 0
98 4 0 0 0 0 0 1 0 0
fl=/build/glibc-Cl5G7W/glibc-2.23/elf/./dl-map-segments.h
fn=_dl_map_object_from_fd
56 22 2 2 8 0 0 6 0 0
60 6 0 0 2 0 0 0 0 0
63 6 1 1 2 0 0 2 0 0
64 4 0 0 0 0 0 2 0 0
66 4 0 0 2 0 0 0 0 0
72 14 0 0 4 0 0 2 0 0
73 8 2 2 4 0 0 0 0 0
76 4 0 0 4 0 0 0 0 0
86 20 0 0 4 0 0 0 0 0
88 8 0 0 4 0 0 0 0 0
90 28 1 1 10 0 0 4 0 0
100 16 0 0 8 0 0 0 0 0
106 4 0 0 2 0 0 0 0 0
107 2 0 0 0 0 0 0 0 0
108 10 0 0 2 0 0 0 0 0
109 4 0 0 0 0 0 0 0 0
116 4 0 0 0 0 0 0 0 0
119 4 2 2 0 0 0 0 0 0
127 24 1 1 6 0 0 8 0 0
133 4 0 0 0 0 0 0 0 0
137 9 1 1 0 0 0 2 0 0
140 3 1 1 1 0 0 0 0 0
145 4 1 1 0 0 0 0 0 0
fl=/build/glibc-Cl5G7W/glibc-2.23/elf/dl-addr.c
fn=_dl_addr
30 2 0 0 1 0 0 1 0 0
31 2 0 0 1 0 0 1 0 0
34 2 0 0 1 0 0 0 0 0
38 1 1 1 1 0 0 0 0 0
39 1 0 0 1 0 0 0 0 0
40 3 0 0 2 0 0 1 0 0
42 2 0 0 2 0 0 0 0 0
45 2 0 0 1 1 0 0 0 0
50 2030 0 0 2 0 0 0 0 0
52 1011 1 1 1011 59 21 0 0 0
53 2022 0 0 0 0 0 0 0 0
55 3628 0 0 907 0 0 0 0 0
61 11175 1 1 2235 479 438 0 0 0
63 8940 0 0 2235 0 0 0 0 0
64 16328 0 0 5110 352 325 0 0 0
69 2235 0 0 0 0 0 0 0 0
71 9044 1 1 2235 132 83 0 0 0
99 3 1 1 1 1 0 0 0 0
100 1 0 0 0 0 0 1 1 0
101 3 0 0 1 0 0 0 0 0
104 2 0 0 0 0 0 0 0 0
116 1 1 1 0 0 0 1 0 0
117 1 0 0 0 0 0 1 0 0
126 11 1 1 0 0 0 8 0 0
131 3 1 1 2 0 0 1 0 0
133 2 0 0 0 0 0 1 0 0
135 2 0 0 0 0 0 0 0 0
138 2 0 0 0 0 0 0 0 0
141 2 1 1 1 1 0 1 0 0
144 9 0 0 7 1 0 0 0 0
fl=/build/glibc-Cl5G7W/glibc-2.23/elf/dl-altinit.c
fn=dlinit_alt
33 3 1 1 2 0 0 0 0 0
34 1 0 0 1 0 0 0 0 0
fl=/build/glibc-Cl5G7W/glibc-2.23/elf/dl-cache.c
fn=_dl_cache_libcmp
138 33 1 1 22 10 10 0 0 0
139 134 0 0 0 0 0 0 0 0
141 192 0 0 0 0 0 0 0 0
143 70 0 0 0 0 0 0 0 0
149 6 1 1 0 0 0 0 0 0
150 6 0 0 0 0 0 0 0 0
151 15 0 0 3 0 0 0 0 0
153 15 1 1 3 0 0 0 0 0
155 6 0 0 0 0 0 0 0 0
161 122 1 1 0 0 0 0 0 0
163 228 0 0 106 0 0 0 0 0
164 16 0 0 8 0 0 0 0 0
167 53 0 0 0 0 0 0 0 0
168 53 0 0 0 0 0 0 0 0
171 9 0 0 3 0 0 0 0 0
fn=_dl_load_cache_lookup
185 9 1 1 0 0 0 6 0 0
193 2 0 0 1 0 0 0 0 0
196 3 0 0 1 0 0 0 0 0
199 5 2 2 0 0 0 1 1 1
207 5 0 0 1 0 0 0 0 0
208 6 1 1 0 0 0 1 0 0
212 1 0 0 0 0 0 1 0 0
215 4 0 0 1 0 0 0 0 0
218 2 0 0 0 0 0 1 0 0
219 3 0 0 0 0 0 0 0 0
220 6 1 1 0 0 0 1 0 0
247 2 1 1 0 0 0 0 0 0
256 5 0 0 0 0 0 2 0 0
262 4 0 0 0 0 0 2 0 0
266 4 1 1 2 0 0 2 0 0
281 249 8 8 45 9 9 25 0 0
297 2 0 0 1 0 0 0 0 0
301 2 0 0 1 0 0 0 0 0
309 9 1 1 1 0 0 1 0 0
310 3 0 0 0 0 0 1 0 0
311 2 0 0 0 0 0 1 0 0
312 8 0 0 7 0 0 0 0 0
fn=_dl_unload_cache
321 1 0 0 0 0 0 0 0 0
322 4 1 1 1 1 0 0 0 0
324 2 0 0 1 0 0 1 0 0
325 1 0 0 0 0 0 1 0 0
327 2 0 0 1 0 0 0 0 0
fl=/build/glibc-Cl5G7W/glibc-2.23/elf/dl-debug.c
fn=_dl_debug_initialize
50 8 1 1 0 0 0 0 0 0
51 4 1 1 4 0 0 0 0 0
55 14 0 0 4 0 0 0 0 0
58 1 0 0 0 0 0 1 0 0
59 2 0 0 0 0 0 1 0 0
60 5 1 1 1 0 0 1 0 0
61 2 0 0 0 0 0 1 0 0
64 1 0 0 1 0 0 0 0 0
fn=_dl_debug_state
74 2 0 0 2 0 0 0 0 0
fl=/build/glibc-Cl5G7W/glibc-2.23/elf/dl-deps.c
fn=_dl_map_object_deps
144 4 0 0 0 0 0 2 1 1
145 2 1 1 0 0 0 2 0 0
146 7 0 0 0 0 0 2 0 0
152 9 0 0 2 0 0 3 0 0
160 11 0 0 0 0 0 9 0 0
161 9 2 2 0 0 0 0 0 0
178 14 1 1 1 0 0 1 0 0
179 2 0 0 1 0 0 0 0 0
182 3 1 1 0 0 0 2 0 0
188 2 0 0 0 0 0 2 0 0
189 1 0 0 0 0 0 1 0 0
201 2 0 0 1 0 0 1 0 0
202 2 1 1 0 0 0 1 0 0
203 1 0 0 0 0 0 1 0 0
204 2 0 0 0 0 0 2 0 0
209 6 2 2 0 0 0 5 0 0
210 4 0 0 0 0 0 0 0 0
213 4 0 0 0 0 0 4 0 0
217 8 0 0 4 0 0 0 0 0
218 25 2 2 11 1 1 0 0 0
220 2 0 0 0 0 0 0 0 0
222 8 0 0 4 0 0 2 0 0
224 30 1 1 2 0 0 6 0 0
229 16 0 0 8 0 0 0 0 0
231 6 0 0 4 0 0 2 0 0
236 2 0 0 0 0 0 2 0 0
237 2 0 0 0 0 0 2 0 0
238 4 0 0 2 0 0 2 0 0
239 4 1 1 2 0 0 2 0 0
242 208 0 0 54 0 0 0 0 0
243 96 1 1 0 0 0 0 0 0
249 14 0 0 4 0 0 2 0 0
251 2 0 0 0 0 0 2 0 0
254 12 1 1 8 0 0 2 0 0
256 6 0 0 2 0 0 0 0 0
271 2 0 0 2 0 0 0 0 0
273 4 0 0 2 0 0 0 0 0
278 6 1 1 0 0 0 0 0 0
281 2 0 0 0 0 0 2 1 1
282 2 0 0 0 0 0 2 0 0
283 2 0 0 0 0 0 2 0 0
284 4 0 0 2 0 0 2 0 0
286 2 0 0 2 0 0 0 0 0
288 12 1 1 2 0 0 4 0 0
292 6 0 0 2 0 0 0 0 0
293 3 0 0 0 0 0 1 1 1
295 138 0 0 0 0 0 0 0 0
317 9 1 1 0 0 0 4 0 0
338 6 1 1 0 0 0 3 0 0
459 12 1 1 4 0 0 0 0 0
461 6 0 0 0 0 0 2 0 0
463 8 1 1 0 0 0 2 0 0
465 4 0 0 0 0 0 0 0 0
468 2 0 0 0 0 0 2 1 1
469 10 0 0 2 0 0 2 0 0
470 10 0 0 0 0 0 2 0 0
473 2 0 0 0 0 0 2 0 0
474 2 0 0 2 0 0 0 0 0
478 22 1 1 11 0 0 0 0 0
480 4 1 1 4 0 0 0 0 0
481 18 0 0 4 0 0 0 0 0
485 6 1 1 2 0 0 0 0 0
486 1 0 0 0 0 0 1 0 0
489 5 1 1 2 0 0 1 0 0
499 5 0 0 1 0 0 1 0 0
502 2 1 1 0 0 0 0 0 0
507 9 0 0 3 0 0 1 0 0
508 6 0 0 4 0 0 1 0 0
510 12 0 0 4 0 0 0 0 0
516 12 1 1 0 0 0 4 2 2
520 12 0 0 12 0 0 0 0 0
523 3 0 0 1 0 0 1 0 0
574 3 1 1 2 0 0 0 0 0
575 1 0 0 0 0 0 1 0 0
576 3 0 0 1 0 0 0 0 0
611 8 1 1 1 0 0 2 0 0
613 2 0 0 0 0 0 0 0 0
614 1 0 0 0 0 0 1 0 0
617 11 1 1 0 0 0 1 0 0
618 5 1 1 0 0 0 0 0 0
619 5 0 0 1 0 0 1 0 0
623 12 1 1 3 0 0 6 0 0
624 6 0 0 3 0 0 0 0 0
630 17 1 1 3 0 0 0 0 0
632 12 0 0 6 0 0 0 0 0
633 7 0 0 0 0 0 0 0 0
635 9 0 0 3 0 0 0 0 0
636 6 1 1 0 0 0 0 0 0
655 2 1 1 1 0 0 0 0 0
658 3 1 1 0 0 0 0 0 0
661 10 0 0 3 0 0 0 0 0
664 28 1 1 6 0 0 6 0 0
671 2 1 1 1 0 0 1 0 0
673 2 0 0 1 0 0 1 0 0
674 1 0 0 1 0 0 0 0 0
675 3 0 0 1 0 0 0 0 0
682 3 1 1 1 0 0 0 0 0
685 3 0 0 1 0 0 0 0 0
688 8 0 0 7 0 0 0 0 0
fn=openaux
60 4 1 1 0 0 0 2 0 0
63 24 1 1 10 0 0 4 0 0
67 2 0 0 2 0 0 0 0 0
68 4 0 0 4 0 0 0 0 0
fl=/build/glibc-Cl5G7W/glibc-2.23/elf/dl-environ.c
fn=_dl_next_ld_env_entry
30 3 1 1 3 0 0 0 0 0
31 1 1 1 0 0 0 0 0 0
33 259 0 0 86 0 0 0 0 0
35 170 0 0 85 38 38 0 0 0
36 38 0 0 19 0 0 0 0 0
38 2 0 0 0 0 0 0 0 0
41 4 0 0 0 0 0 2 0 0
43 2 0 0 2 0 0 0 0 0
46 83 0 0 0 0 0 0 0 0
50 1 0 0 1 0 0 0 0 0
fl=/build/glibc-Cl5G7W/glibc-2.23/elf/dl-error.c
fn=_dl_catch_error
163 12 1 1 0 0 0 9 0 0
175 6 1 1 0 0 0 6 4 4
176 6 0 0 0 0 0 6 0 0
177 6 0 0 0 0 0 6 0 0
178 6 0 0 0 0 0 3 0 0
180 3 0 0 3 0 0 3 2 2
181 6 0 0 3 0 0 3 0 0
182 9 1 1 0 0 0 6 0 0
185 18 0 0 0 0 0 3 0 0
187 9 0 0 6 0 0 3 0 0
188 9 0 0 6 0 0 3 0 0
189 6 1 1 3 0 0 3 0 0
190 6 0 0 3 0 0 3 0 0
191 6 0 0 3 0 0 3 0 0
199 12 0 0 6 0 0 0 0 0
fn=_dl_receive_error
205 10 1 1 0 0 0 6 0 0
206 2 0 0 1 0 0 1 0 0
210 1 0 0 1 0 0 0 0 0
211 1 0 0 1 0 0 0 0 0
214 1 0 0 0 0 0 1 0 0
215 1 0 0 0 0 0 1 0 0
217 2 0 0 0 0 0 1 0 0
219 1 1 1 0 0 0 1 0 0
220 1 0 0 0 0 0 1 0 0
221 8 0 0 7 0 0 0 0 0
fl=/build/glibc-Cl5G7W/glibc-2.23/elf/dl-fini.c
fn=_dl_fini
31 1 0 0 0 0 0 1 0 0
33 2 1 1 0 0 0 0 0 0
38 3 0 0 0 0 0 1 0 0
39 9 0 0 0 0 0 1 0 0
40 3 0 0 0 0 0 1 0 0
44 9 1 1 3 0 0 3 0 0
45 9 0 0 6 0 0 0 0 0
49 12 0 0 6 0 0 0 0 0
55 6 0 0 3 0 0 0 0 0
56 14 1 1 6 0 0 0 0 0
58 15 1 1 9 1 1 0 0 0
59 7 0 0 0 0 0 0 0 0
61 9 0 0 3 1 1 0 0 0
62 6 0 0 0 0 0 0 0 0
81 4 0 0 1 0 0 1 0 0
92 9 1 1 3 0 0 0 0 0
113 3 0 0 0 0 0 0 0 0
117 15 0 0 3 0 0 3 0 0
120 22 1 1 7 0 0 2 0 0
130 8 2 2 0 0 0 6 0 0
147 1 0 0 0 0 0 1 0 0
150 15 0 0 3 1 1 1 0 0
153 2 1 1 1 1 1 1 0 0
155 1 0 0 1 1 1 0 0 0
158 2 0 0 0 0 0 0 0 0
160 6 1 1 3 1 0 0 0 0
165 1 0 0 0 0 0 1 0 0
168 9 0 0 0 0 0 1 0 0
173 13 0 0 4 1 1 0 0 0
175 8 1 1 4 4 1 0 0 0
177 8 0 0 0 0 0 0 0 0
179 8 0 0 0 0 0 4 0 0
180 4 0 0 0 0 0 4 4 3
181 4 0 0 0 0 0 0 0 0
185 4 0 0 4 3 1 0 0 0
187 9 1 1 1 0 0 1 0 0
188 2 0 0 1 0 0 0 0 0
192 2 0 0 1 0 0 1 0 0
201 3 1 1 2 0 0 1 0 0
206 14 0 0 7 0 0 0 0 0
208 4 1 1 4 0 0 0 0 0
210 12 0 0 4 0 0 0 0 0
213 8 0 0 0 0 0 4 0 0
216 12 0 0 4 4 3 0 0 0
217 6 1 1 2 2 2 0 0 0
220 4 0 0 2 1 0 0 0 0
229 4 0 0 4 3 1 0 0 0
232 6 1 1 4 1 1 0 0 0
234 16 0 0 2 2 1 0 0 0
235 4 0 0 2 2 2 2 0 0
239 4 0 0 0 0 0 0 0 0
240 6 1 1 4 2 2 2 0 0
246 24 0 0 8 1 1 0 0 0
262 8 0 0 4 0 0 0 0 0
268 6 1 1 2 0 0 0 0 0
270 1 0 0 0 0 0 1 0 0
274 2 0 0 1 0 0 0 0 0
281 8 0 0 7 0 0 0 0 0
fl=/build/glibc-Cl5G7W/glibc-2.23/elf/dl-hwcaps.c
fn=_dl_important_hwcaps
39 12 1 1 0 0 0 10 2 2
41 1 0 0 1 0 0 0 0 0
42 3 0 0 0 0 0 0 0 0
51 3 0 0 1 0 0 0 0 0
61 4 1 1 1 0 0 1 0 0
113 1 1 1 0 0 0 0 0 0
115 5 1 1 0 0 0 1 0 0
130 10 1 1 0 0 0 1 0 0
131 1 0 0 0 0 0 0 0 0
162 2 1 1 0 0 0 0 0 0
170 3 1 1 1 0 0 0 0 0
172 2 0 0 1 0 0 1 0 0
173 5 0 0 1 0 0 1 0 0
177 3 1 1 1 0 0 1 0 0
178 1 0 0 0 0 0 1 0 0
181 2 0 0 0 0 0 0 0 0
184 2 0 0 0 0 0 0 0 0
185 1 0 0 1 0 0 0 0 0
188 12 1 1 2 0 0 2 0 0
189 2 0 0 0 0 0 0 0 0
207 11 1 1 2 0 0 5 0 0
208 6 0 0 0 0 0 3 0 0
209 6 1 1 4 0 0 0 0 0
238 3 0 0 0 0 0 2 1 1
241 2 0 0 0 0 0 0 0 0
243 10 0 0 3 0 0 4 0 0
244 20 1 1 5 0 0 5 0 0
264 7 2 2 2 0 0 0 0 0
269 10 0 0 2 0 0 0 0 0
270 8 0 0 0 0 0 4 0 0
274 11 1 1 0 0 0 0 0 0
277 26 0 0 0 0 0 0 0 0
278 24 0 0 0 0 0 0 0 0
279 12 0 0 8 0 0 0 0 0
281 4 1 1 0 0 0 0 0 0
284 3 0 0 1 0 0 0 0 0
285 2 0 0 1 0 0 0 0 0
286 12 2 2 3 0 0 0 0 0
299 6 0 0 2 0 0 2 0 0
300 2 0 0 0 0 0 0 0 0
302 4 0 0 0 0 0 0 0 0
305 4 0 0 3 0 0 1 0 0
307 1 0 0 0 0 0 0 0 0
308 10 1 1 7 0 0 1 0 0
fl=/build/glibc-Cl5G7W/glibc-2.23/elf/dl-init.c
fn=_dl_init
30 25 1 1 5 0 0 3 0 0
80 11 1 1 0 0 0 6 0 0
81 1 0 0 1 1 0 0 0 0
82 1 0 0 1 0 0 0 0 0
85 3 0 0 1 0 0 0 0 0
88 2 0 0 0 0 0 1 0 0
93 2 0 0 0 0 0 0 0 0
94 2 1 1 1 0 0 0 0 0
104 2 1 1 0 0 0 1 0 0
119 15 0 0 0 0 0 0 0 0
120 12 0 0 8 0 0 0 0 0
126 8 0 0 7 0 0 0 0 0
fn=call_init.part.0
28 20 0 0 0 0 0 20 0 0
36 12 0 0 4 0 0 4 0 0
39 16 1 1 8 1 0 0 0 0
40 3 1 1 0 0 0 0 0 0
44 21 0 0 3 1 0 0 0 0
45 3 0 0 1 0 0 0 0 0
49 4 0 0 2 0 0 0 0 0
58 14 1 1 6 3 0 2 0 0
62 4 0 0 0 0 0 0 0 0
68 6 0 0 4 1 0 0 0 0
70 4 0 0 4 0 0 0 0 0
71 16 1 1 0 0 0 0 0 0
72 15 0 0 3 0 0 3 0 0
74 24 0 0 24 0 0 0 0 0
fl=/build/glibc-Cl5G7W/glibc-2.23/elf/dl-load.c
fn=_dl_init_paths
689 9 2 2 0 0 0 7 0 0
702 6 0 0 2 0 0 2 0 0
706 1 0 0 0 0 0 1 0 0
707 2 0 0 0 0 0 1 0 0
708 3 0 0 0 0 0 0 0 0
715 4 0 0 0 0 0 0 0 0
716 4 1 1 1 0 0 2 0 0
719 5 0 0 0 0 0 2 0 0
721 2 0 0 0 0 0 0 0 0
727 2 1 1 0 0 0 1 0 0
728 1 0 0 0 0 0 1 0 0
736 3 0 0 0 0 0 3 0 0
738 9 1 1 0 0 0 4 0 0
739 4 0 0 0 0 0 4 3 3
741 8 0 0 0 0 0 4 1 1
742 10 0 0 3 1 1 4 0 0
743 12 0 0 0 0 0 3 0 0
746 6 1 1 3 1 1 0 0 0
747 25 0 0 8 0 0 4 0 0
750 35 1 1 4 0 0 6 0 0
756 1 1 1 0 0 0 1 1 1
757 1 0 0 0 0 0 1 0 0
761 1 0 0 1 0 0 0 0 0
762 2 0 0 0 0 0 0 0 0
764 4 0 0 1 0 0 0 0 0
766 3 0 0 1 0 0 0 0 0
783 1 0 0 0 0 0 1 0 0
785 3 1 1 1 0 0 0 0 0
799 2 1 1 0 0 0 1 0 0
804 5 2 2 2 0 0 0 0 0
810 5 0 0 0 0 0 1 0 0
812 12 1 1 1 0 0 2 0 0
829 133 1 1 15 0 0 0 0 0
833 1 0 0 0 0 0 1 0 0
834 1 0 0 0 0 0 1 0 0
835 2 0 0 0 0 0 0 0 0
841 9 1 1 1 0 0 2 0 0
845 5 0 0 4 0 0 0 0 0
851 1 0 0 0 0 0 1 0 0
855 8 0 0 7 0 0 0 0 0
fn=_dl_map_object
383 5 0 0 0 0 0 1 0 0
387 2 0 0 0 0 0 1 0 0
666 9 1 1 3 0 0 0 0 0
2189 27 1 1 0 0 0 24 6 6
2191 2 0 0 0 0 0 2 0 0
2197 6 1 1 0 0 0 0 0 0
2198 12 0 0 3 0 0 0 0 0
2201 42 0 0 9 0 0 0 0 0
2206 49 1 1 7 0 0 0 0 0
2208 35 0 0 0 0 0 7 0 0
2212 12 0 0 6 0 0 0 0 0
2213 18 1 1 6 0 0 0 0 0
2216 2 0 0 2 0 0 0 0 0
2218 12 0 0 4 0 0 2 0 0
2235 10 2 2 4 0 0 2 0 0
2244 6 1 1 2 0 0 0 0 0
2278 2 0 0 0 0 0 2 2 2
2280 10 0 0 0 0 0 2 0 0
2284 4 1 1 0 0 0 2 0 0
2286 2 1 1 1 0 0 0 0 0
2293 4 0 0 1 0 0 0 0 0
2297 2 1 1 1 0 0 1 0 0
2302 6 1 1 1 0 0 1 0 0
2303 1 0 0 0 0 0 0 0 0
2305 9 0 0 0 0 0 3 0 0
2317 3 1 1 2 0 0 0 0 0
2318 8 1 1 2 0 0 1 0 0
2319 1 0 0 0 0 0 0 0 0
2328 2 0 0 1 0 0 0 0 0
2329 15 1 1 1 0 0 4 0 0
2335 5 1 1 1 0 0 0 0 0
2336 1 0 0 0 0 0 0 0 0
2344 1 0 0 0 0 0 1 0 0
2358 2 1 1 0 0 0 0 0 0
2360 3 0 0 1 0 0 0 0 0
2364 3 0 0 0 0 0 2 0 0
2366 2 0 0 0 0 0 0 0 0
2370 2 0 0 0 0 0 0 0 0
2378 3 1 1 1 0 0 0 0 0
2401 11 0 0 1 0 0 2 0 0
2405 4 0 0 2 0 0 0 0 0
2406 2 1 1 0 0 0 1 0 0
2423 2 1 1 1 0 0 0 0 0
2429 1 0 0 0 0 0 1 0 0
2431 2 1 1 0 0 0 0 0 0
2432 3 0 0 0 0 0 0 0 0
2436 10 1 1 0 0 0 2 0 0
2439 4 0 0 2 0 0 0 0 0
2451 6 1 1 0 0 0 0 0 0
2453 4 0 0 0 0 0 0 0 0
2497 4 0 0 2 0 0 2 0 0
2498 30 1 1 6 0 0 10 0 0
2500 24 0 0 21 0 0 0 0 0
fn=_dl_map_object_from_fd
893 30 2 2 0 0 0 22 2 2
903 8 0 0 2 0 0 4 1 1
904 2 0 0 0 0 0 2 0 0
919 31 1 1 11 0 0 0 0 0
920 10 0 0 5 0 0 0 0 0
937 4 1 1 2 0 0 0 0 0
961 4 0 0 2 0 0 0 0 0
971 4 1 1 2 0 0 0 0 0
993 8 0 0 4 0 0 0 0 0
1025 4 0 0 0 0 0 0 0 0
1028 16 1 1 10 0 0 2 0 0
1029 4 0 0 0 0 0 0 0 0
1040 6 0 0 4 0 0 2 2 2
1041 8 0 0 4 0 0 4 0 0
1042 4 0 0 2 0 0 2 0 0
1044 8 1 1 0 0 0 0 0 0
1045 8 0 0 4 0 0 0 0 0
1046 2 0 0 0 0 0 0 0 0
1063 2 0 0 0 0 0 2 0 0
1065 20 1 1 0 0 0 4 0 0
1073 142 0 0 0 0 0 0 0 0
1074 127 2 2 17 2 2 0 0 0
1080 4 0 0 2 0 0 2 0 0
1081 6 0 0 2 0 0 2 0 0
1082 2 0 0 0 0 0 0 0 0
1085 2 0 0 1 0 0 1 0 0
1086 1 1 1 0 0 0 0 0 0
1091 20 2 2 8 0 0 0 0 0
1096 32 0 0 8 0 0 0 0 0
1104 16 0 0 0 0 0 0 0 0
1105 16 0 0 0 0 0 4 3 3
1106 20 1 1 4 0 0 4 0 0
1107 4 0 0 0 0 0 4 0 0
1108 8 0 0 4 0 0 4 0 0
1109 8 0 0 0 0 0 4 1 1
1113 8 0 0 0 0 0 0 0 0
1114 12 0 0 6 0 0 2 0 0
1118 36 1 1 4 0 0 4 0 0
1129 4 0 0 0 0 0 0 0 0
1132 3 0 0 1 1 1 0 0 0
1136 1 0 0 0 0 0 1 1 1
1137 3 0 0 2 0 0 1 0 0
1138 2 0 0 0 0 0 0 0 0
1141 3 1 1 0 0 0 1 0 0
1142 2 0 0 1 0 0 1 0 0
1145 1 0 0 0 0 0 1 0 0
1149 4 0 0 1 0 0 0 0 0
1155 3 0 0 1 0 0 2 0 0
1156 1 0 0 0 0 0 0 0 0
1160 16 1 1 2 0 0 6 0 0
1168 4 0 0 0 0 0 2 0 0
1211 4 1 1 2 0 0 2 0 0
1212 2 0 0 0 0 0 0 0 0
1215 4 0 0 2 0 0 2 1 1
1216 6 0 0 4 0 0 2 0 0
1217 2 0 0 0 0 0 0 0 0
1220 6 1 1 2 0 0 0 0 0
1229 4 0 0 0 0 0 0 0 0
1239 18 0 0 8 0 0 2 0 0
1251 8 1 1 4 0 0 0 0 0
1255 2 2 2 1 0 0 0 0 0
1260 6 1 1 2 0 0 2 0 0
1267 4 0 0 0 0 0 0 0 0
1282 6 1 1 2 0 0 0 0 0
1301 4 0 0 2 0 0 2 0 0
1303 10 1 1 4 0 0 0 0 0
1357 6 0 0 2 1 1 0 0 0
1358 2 0 0 1 0 0 1 0 0
1361 8 0 0 2 0 0 2 0 0
1370 4 0 0 2 0 0 0 0 0
1372 8 1 1 4 0 0 2 0 0
1374 4 0 0 2 0 0 0 0 0
1390 4 0 0 0 0 0 2 0 0
1394 4 0 0 2 0 0 0 0 0
1395 4 0 0 2 0 0 0 0 0
1412 4 1 1 2 0 0 0 0 0
1413 2 0 0 0 0 0 1 0 0
1416 6 1 1 2 0 0 4 0 0
1421 4 0 0 2 0 0 0 0 0
1431 4 0 0 2 0 0 0 0 0
1441 6 0 0 2 0 0 2 0 0
1445 8 0 0 2 0 0 0 0 0
1465 16 0 0 14 0 0 0 0 0
fn=fillin_rpath
383 5 2 2 0 0 0 1 0 0
387 3 0 0 0 0 0 1 0 0
444 16 2 2 0 0 0 12 0 0
446 1 0 0 0 0 0 0 0 0
448 12 1 1 4 0 0 2 0 0
455 2 0 0 1 0 0 0 0 0
461 2 0 0 0 0 0 0 0 0
466 2 0 0 0 0 0 1 0 0
467 2 0 0 0 0 0 0 0 0
474 8 2 2 1 0 0 0 0 0
479 3 0 0 0 0 0 1 0 0
483 3 1 1 1 0 0 0 0 0
490 15 0 0 5 0 0 0 0 0
491 8 0 0 4 0 0 0 0 0
509 4 2 2 1 0 0 1 0 0
512 5 1 1 1 0 0 2 0 0
513 2 0 0 1 0 0 0 0 0
515 3 0 0 1 0 0 0 0 0
519 1 0 0 0 0 0 1 0 0
520 1 0 0 0 0 0 0 0 0
521 4 0 0 0 0 0 2 0 0
522 1 1 1 0 0 0 1 0 0
524 2 0 0 1 0 0 0 0 0
530 4 0 0 1 0 0 0 0 0
531 18 1 1 1 0 0 0 0 0
532 11 1 1 0 0 0 4 0 0
534 2 1 1 1 0 0 1 0 0
535 3 0 0 1 0 0 0 0 0
540 2 1 1 0 0 0 1 0 0
542 3 0 0 1 0 0 1 0 0
543 1 0 0 0 0 0 1 0 0
546 2 1 1 0 0 0 1 0 0
548 3 0 0 0 0 0 1 0 0
552 1 0 0 0 0 0 1 0 0
555 9 0 0 7 0 0 0 0 0
fn=open_path
2040 8 1 1 0 0 0 6 1 1
2041 2 0 0 1 0 0 1 1 1
2044 1 1 1 0 0 0 1 0 0
2045 1 0 0 0 0 0 1 0 0
2047 2 0 0 0 0 0 0 0 0
2052 17 1 1 2 0 0 7 1 1
2055 1 0 0 1 0 0 0 0 0
2064 2 0 0 1 0 0 0 0 0
2071 5 0 0 2 0 0 2 1 1
2072 21 1 1 1 0 0 0 0 0
2075 8 1 1 4 0 0 0 0 0
2078 8 0 0 0 0 0 0 0 0
2079 32 1 1 20 0 0 8 0 0
2080 16 0 0 4 0 0 0 0 0
2085 8 1 1 4 0 0 0 0 0
2086 3 1 1 0 0 0 0 0 0
2088 40 0 0 20 0 0 8 0 0
2090 20 0 0 12 0 0 0 0 0
2092 8 0 0 0 0 0 0 0 0
2097 8 1 1 4 0 0 0 0 0
2098 36 0 0 16 0 0 0 0 0
2104 14 1 1 4 0 0 5 0 0
2106 24 0 0 4 0 0 4 0 0
2107 2 0 0 1 1 1 0 0 0
2109 17 1 1 0 0 0 4 0 0
2116 12 0 0 4 0 0 0 0 0
2126 4 1 1 1 0 0 1 0 0
2154 1 0 0 0 0 0 0 0 0
2157 7 2 2 1 0 0 0 0 0
2162 1 0 0 1 0 0 0 0 0
2164 4 0 0 3 0 0 0 0 0
2167 3 0 0 1 0 0 0 0 0
2181 8 0 0 7 0 0 0 0 0
fn=open_verify.constprop.7
1717 84 1 1 6 0 0 54 1 1
1756 28 0 0 6 0 0 0 0 0
1787 30 1 1 0 0 0 12 1 1
1789 14 0 0 0 0 0 0 0 0
1799 2 1 1 0 0 0 2 0 0
1800 4 0 0 0 0 0 2 0 0
1805 16 0 0 4 0 0 4 0 0
1807 4 0 0 0 0 0 0 0 0
1809 6 1 1 2 0 0 2 0 0
1811 4 0 0 0 0 0 0 0 0
1817 4 0 0 0 0 0 0 0 0
1826 2 1 1 1 0 0 0 0 0
1833 36 3 3 5 0 0 5 0 0
1907 4 0 0 2 0 0 0 0 0
1912 4 0 0 2 0 0 0 0 0
1914 8 0 0 2 0 0 0 0 0
1920 4 1 1 0 0 0 0 0 0
1931 4 0 0 2 2 2 0 0 0
1937 12 0 0 2 0 0 0 0 0
1938 8 0 0 2 0 0 0 0 0
1939 6 1 1 2 0 0 2 0 0
1959 108 1 1 14 0 0 0 0 0
1961 36 1 1 17 10 10 0 0 0
1965 8 0 0 4 0 0 0 0 0
1966 6 0 0 2 0 0 0 0 0
1975 18 1 1 0 0 0 3 0 0
1978 14 0 0 4 0 0 0 0 0
1982 6 0 0 0 0 0 0 0 0
1987 1 0 0 0 0 0 0 0 0
1988 1 0 0 0 0 0 0 0 0
1991 2 0 0 0 0 0 0 0 0
1994 7 0 0 3 0 0 0 0 0
1997 3 0 0 1 0 0 0 0 0
1998 5 0 0 1 0 0 0 0 0
2003 4 0 0 0 0 0 0 0 0
2026 48 2 2 42 0 0 0 0 0
fl=/build/glibc-Cl5G7W/glibc-2.23/elf/dl-lookup.c
fn=_dl_lookup_symbol_x
568 5412 1 1 1266 83 81 87 0 0
569 4716 0 0 0 0 0 0 0 0
806 1305 2 2 87 0 0 783 7 3
808 174 0 0 0 0 0 87 2 2
809 174 0 0 0 0 0 174 0 0
812 87 0 0 87 3 2 0 0 0
816 334 0 0 80 0 0 0 0 0
820 609 1 1 174 0 0 261 0 0
821 174 0 0 0 0 0 0 0 0
823 174 1 1 174 2 0 0 0 0
827 291 0 0 6 0 0 0 0 0
829 1218 1 1 609 0 0 609 5 4
832 261 0 0 0 0 0 0 0 0
835 6 0 0 0 0 0 0 0 0
858 174 0 0 87 0 0 0 0 0
860 42 1 1 12 0 0 0 0 0
876 6 0 0 0 0 0 6 0 0
877 12 0 0 0 0 0 0 0 0
880 81 0 0 81 0 0 0 0 0
881 567 1 1 162 0 0 0 0 0
912 81 0 0 0 0 0 0 0 0
921 405 0 0 81 0 0 0 0 0
935 243 0 0 81 4 2 0 0 0
936 2 1 1 0 0 0 1 0 0
938 324 1 1 162 0 0 0 0 0
943 81 0 0 0 0 0 81 0 0
945 696 0 0 609 0 0 0 0 0
fn=_dl_setup_hash
956 12 1 1 4 0 0 0 0 0
960 4 0 0 4 0 0 0 0 0
964 8 0 0 4 4 4 4 0 0
965 4 0 0 4 0 0 0 0 0
966 4 0 0 4 1 1 0 0 0
968 12 0 0 0 0 0 0 0 0
969 4 0 0 0 0 0 4 0 0
970 12 1 1 4 0 0 4 0 0
972 4 0 0 0 0 0 4 0 0
973 8 0 0 0 0 0 0 0 0
975 4 0 0 0 0 0 4 0 0
977 12 0 0 0 0 0 4 0 0
978 4 0 0 4 0 0 0 0 0
fn=check_match
92 648 1 1 162 11 10 324 1 0
95 567 1 1 162 7 7 0 0 0
107 486 0 0 81 0 0 81 5 2
110 432 0 0 36 0 0 18 0 0
114 81 0 0 81 2 0 0 0 0
115 162 1 1 0 0 0 0 0 0
117 160 0 0 0 0 0 0 0 0
136 160 0 0 160 6 3 0 0 0
137 640 1 1 240 5 2 0 0 0
138 480 1 1 160 3 2 80 0 0
165 2 0 0 0 0 0 0 0 0
167 6 0 0 2 0 0 0 0 0
168 4 1 1 0 0 0 0 0 0
176 81 0 0 0 0 0 0 0 0
183 486 0 0 405 0 0 0 0 0
fn=do_lookup_x
311 189 0 0 0 0 0 0 0 0
355 1044 2 2 87 0 0 870 12 6
356 87 0 0 87 3 2 0 0 0
362 87 0 0 87 0 0 0 0 0
366 542 0 0 542 13 8 0 0 0
369 542 1 1 0 0 0 0 0 0
373 983 0 0 90 0 0 174 0 0
377 540 0 0 270 8 4 0 0 0
381 540 0 0 270 3 1 0 0 0
387 810 0 0 270 5 4 0 0 0
391 270 1 1 0 0 0 270 0 0
392 270 0 0 0 0 0 270 0 0
395 810 0 0 540 16 8 270 0 0
396 810 0 0 540 4 2 270 0 0
399 270 0 0 270 0 0 0 0 0
400 540 0 0 0 0 0 0 0 0
402 810 1 1 810 41 37 0 0 0
403 348 1 1 0 0 0 87 0 0
410 3492 0 0 897 0 0 174 0 0
413 510 2 2 255 46 46 0 0 0
415 170 0 0 0 0 0 0 0 0
417 1105 1 1 340 0 0 425 0 0
420 825 0 0 165 60 60 0 0 0
422 324 1 1 81 0 0 0 0 0
423 1215 1 1 567 0 0 486 3 2
427 243 0 0 0 0 0 0 0 0
430 252 0 0 0 0 0 0 0 0
439 729 2 2 405 0 0 0 0 0
461 8 1 1 4 0 0 0 0 0
469 162 1 1 81 0 0 0 0 0
519 604 0 0 81 0 0 0 0 0
523 33 0 0 11 1 0 0 0 0
535 162 1 1 81 0 0 81 0 0
536 81 0 0 0 0 0 81 0 0
537 162 0 0 0 0 0 0 0 0
553 1356 1 1 515 0 0 0 0 0
554 130 0 0 0 0 0 26 0 0
555 28 2 2 20 0 0 0 0 0
557 570 0 0 0 0 0 0 0 0
560 6 0 0 0 0 0 0 0 0
561 696 1 1 609 0 0 0 0 0
fl=/build/glibc-Cl5G7W/glibc-2.23/elf/dl-minimal.c
fn=__libc_memalign
52 66 1 1 0 0 0 44 2 2
53 87 0 0 43 0 0 0 0 0
58 5 0 0 0 0 0 1 0 0
59 2 1 1 1 0 0 0 0 0
64 88 0 0 0 0 0 22 0 0
67 146 1 1 0 0 0 0 0 0
71 8 0 0 2 0 0 0 0 0
72 4 0 0 0 0 0 0 0 0
78 16 0 0 0 0 0 2 0 0
80 10 0 0 4 0 0 0 0 0
84 6 0 0 0 0 0 2 0 0
87 22 1 1 0 0 0 22 0 0
88 22 0 0 0 0 0 22 0 0
90 110 0 0 66 0 0 0 0 0
fn=calloc
103 8 1 1 0 0 0 0 0 0
107 8 0 0 0 0 0 0 0 0
111 40 0 0 0 0 0 0 0 0
114 8 0 0 0 0 0 0 0 0
fn=free
120 1 1 1 0 0 0 1 0 0
122 3 0 0 1 0 0 0 0 0
129 2 0 0 2 0 0 0 0 0
fn=malloc
94 21 0 0 0 0 0 0 0 0
95 42 0 0 0 0 0 0 0 0
fn=strsep
354 4 1 1 2 0 0 0 0 0
356 2 0 0 2 0 0 0 0 0
357 4 0 0 0 0 0 0 0 0
361 77 1 1 15 0 0 0 0 0
366 56 0 0 28 0 0 0 0 0
368 84 0 0 28 0 0 0 0 0
376 14 0 0 0 0 0 0 0 0
379 1 0 0 0 0 0 1 0 0
383 2 0 0 2 0 0 0 0 0
fl=/build/glibc-Cl5G7W/glibc-2.23/elf/dl-misc.c
fn=_dl_name_match_p
288 200 1 1 0 0 0 80 0 0
289 160 0 0 40 0 0 40 1 1
290 43 0 0 0 0 0 0 0 0
292 40 0 0 40 0 0 0 0 0
294 162 0 0 0 0 0 0 0 0
295 220 1 1 44 3 2 44 0 0
298 41 0 0 41 0 0 0 0 0
300 37 0 0 0 0 0 0 0 0
301 200 0 0 120 0 0 0 0 0
fn=_dl_sysdep_read_whole_file
45 8 2 2 0 0 0 4 0 0
52 3 0 0 0 0 0 1 0 0
53 2 0 0 0 0 0 0 0 0
55 7 0 0 0 0 0 1 0 0
57 2 0 0 1 0 0 1 0 0
60 2 0 0 0 0 0 0 0 0
62 8 1 1 0 0 0 1 0 0
73 2 0 0 0 0 0 1 0 0
76 7 0 0 5 0 0 0 0 0
fl=/build/glibc-Cl5G7W/glibc-2.23/elf/dl-object.c
fn=_dl_add_to_namespace_list
32 15 1 1 0 0 0 9 0 0
34 9 0 0 3 0 0 3 0 0
36 22 0 0 3 0 0 0 0 0
39 15 0 0 5 0 0 0 0 0
41 2 0 0 0 0 0 2 0 0
43 2 0 0 0 0 0 2 0 0
46 2 0 0 0 0 0 1 0 0
47 9 1 1 3 0 0 0 0 0
48 6 0 0 3 0 0 3 0 0
49 6 0 0 0 0 0 3 0 0
51 6 0 0 3 0 0 0 0 0
52 9 0 0 9 0 0 0 0 0
fn=_dl_new_object
61 42 1 1 0 0 0 30 2 2
62 9 0 0 0 0 0 3 0 0
68 39 3 3 6 1 1 0 0 0
75 15 0 0 0 0 0 6 0 0
78 6 1 1 0 0 0 0 0 0
81 3 0 0 0 0 0 3 2 2
82 6 0 0 0 0 0 3 3 3
85 6 0 0 0 0 0 3 1 1
87 15 0 0 6 0 0 6 1 1
89 3 1 1 0 0 0 3 0 0
97 18 0 0 6 0 0 3 1 1
98 18 0 0 6 3 3 3 0 0
101 6 0 0 3 0 0 0 0 0
102 8 0 0 2 0 0 3 3 3
103 3 1 1 0 0 0 3 0 0
107 3 0 0 0 0 0 3 0 0
110 44 0 0 0 0 0 0 0 0
112 32 0 0 0 0 0 16 4 4
122 6 0 0 0 0 0 3 1 1
123 3 1 1 0 0 0 3 3 3
128 18 0 0 3 1 1 0 0 0
130 8 0 0 0 0 0 2 1 1
133 8 1 1 0 0 0 0 0 0
137 6 0 0 2 0 0 0 0 0
141 12 1 1 0 0 0 0 0 0
143 5 1 1 1 0 0 0 0 0
149 1 0 0 0 0 0 1 0 0
152 6 1 1 0 0 0 3 0 0
155 9 0 0 0 0 0 3 0 0
157 14 0 0 2 0 0 4 0 0
161 8 0 0 2 0 0 0 0 0
165 6 0 0 0 0 0 2 0 0
166 8 0 0 0 0 0 0 0 0
168 1 1 1 0 0 0 0 0 0
211 48 1 1 4 0 0 2 0 0
216 42 0 0 0 0 0 0 0 0
217 88 0 0 42 0 0 0 0 0
222 4 0 0 0 0 0 2 0 0
225 4 0 0 0 0 0 2 0 0
229 24 0 0 21 0 0 0 0 0
fl=/build/glibc-Cl5G7W/glibc-2.23/elf/dl-open.c
fn=_dl_find_dso_for_object
182 5 2 2 1 0 0 0 0 0
183 10 1 1 3 0 0 0 0 0
184 12 0 0 6 1 0 0 0 0
185 2 0 0 1 0 0 0 0 0
188 2 0 0 1 0 0 0 0 0
192 1 0 0 1 0 0 0 0 0
fl=/build/glibc-Cl5G7W/glibc-2.23/elf/dl-reloc.c
fn=_dl_relocate_object
149 48 2 2 0 0 0 32 0 0
156 4 0 0 0 0 0 4 0 0
159 8 0 0 0 0 0 0 0 0
160 24 0 0 0 0 0 12 0 0
164 8 0 0 0 0 0 0 0 0
165 24 0 0 4 1 0 4 0 0
171 8 1 1 4 0 0 0 0 0
177 12 0 0 4 0 0 0 0 0
178 8 1 1 4 3 0 0 0 0
181 8 0 0 4 0 0 0 0 0
188 8 0 0 4 0 0 0 0 0
232 12 1 1 8 0 0 4 0 0
258 192 3 3 59 11 0 53 0 0
261 16 0 0 4 0 0 0 0 0
285 4 0 0 4 0 0 0 0 0
288 8 0 0 4 0 0 0 0 0
305 12 0 0 4 3 0 0 0 0
307 32 0 0 28 1 0 0 0 0
313 28 2 2 12 0 0 4 0 0
316 8 0 0 0 0 0 0 0 0
320 8 0 0 0 0 0 0 0 0
321 28 1 1 4 0 0 4 0 0
fl=/build/glibc-Cl5G7W/glibc-2.23/elf/dl-tls.c
fn=_dl_add_to_slotinfo
890 4 1 1 0 0 0 3 0 0
896 2 1 1 1 0 0 0 0 0
899 1 0 0 1 1 0 0 0 0
904 5 0 0 1 1 0 0 0 0
945 1 0 0 0 0 0 1 0 0
946 3 1 1 1 1 0 1 0 0
947 4 0 0 4 0 0 0 0 0
fn=_dl_allocate_tls_init
449 7 0 0 0 0 0 6 0 0
450 2 1 1 0 0 0 0 0 0
454 2 0 0 1 1 0 1 0 0
456 1 0 0 0 0 0 1 0 0
457 3 0 0 1 0 0 0 0 0
460 4 1 1 2 1 0 1 0 0
472 1 0 0 1 0 0 0 0 0
477 9 0 0 1 0 0 0 0 0
483 16 1 1 1 0 0 1 0 0
486 1 0 0 1 0 0 0 0 0
487 2 1 1 0 0 0 0 0 0
493 3 0 0 2 0 0 0 0 0
494 2 0 0 0 0 0 0 0 0
496 5 0 0 2 0 0 1 0 0
497 1 0 0 0 0 0 1 0 0
499 3 0 0 0 0 0 0 0 0
500 1 1 1 1 0 0 0 0 0
503 2 0 0 0 0 0 0 0 0
504 4 0 0 2 0 0 0 0 0
506 2 0 0 0 0 0 0 0 0
515 12 1 1 4 0 0 2 0 0
529 2 1 1 1 0 0 1 0 0
531 1 0 0 1 0 0 0 0 0
532 8 0 0 7 0 0 0 0 0
fn=_dl_allocate_tls_storage
321 2 1 1 1 0 0 0 0 0
322 3 0 0 0 0 0 1 0 0
323 2 0 0 0 0 0 0 0 0
326 1 0 0 0 0 0 1 1 1
332 2 0 0 0 0 0 1 0 0
354 3 1 1 0 0 0 3 0 0
356 1 0 0 1 0 0 0 0 0
367 3 0 0 1 0 0 1 0 0
368 2 0 0 0 0 0 0 0 0
375 2 1 1 0 0 0 0 0 0
379 297 0 0 0 0 0 289 36 36
396 5 0 0 4 0 0 0 0 0
fn=_dl_count_modids
115 2 1 1 1 0 0 0 0 0
116 2 0 0 2 0 0 0 0 0
fn=_dl_determine_tlsoffset
138 7 1 1 0 0 0 6 0 0
144 3 0 0 1 0 0 0 0 0
147 2 0 0 1 0 0 0 0 0
183 9 0 0 2 0 0 0 0 0
185 10 1 1 1 0 0 0 0 0
187 4 0 0 1 0 0 0 0 0
188 1 1 1 1 0 0 0 0 0
190 3 1 1 0 0 0 0 0 0
192 7 0 0 1 0 0 0 0 0
208 6 0 0 0 0 0 0 0 0
210 4 0 0 0 0 0 0 0 0
220 1 1 1 0 0 0 1 0 0
223 4 0 0 0 0 0 1 0 0
224 1 0 0 0 0 0 1 0 0
275 1 1 1 0 0 0 1 0 0
276 8 0 0 7 0 0 0 0 0
fn=_dl_next_tls_modid
49 1 1 1 0 0 0 0 0 0
52 4 0 0 2 0 0 0 0 0
100 1 0 0 0 0 0 1 0 0
104 2 1 1 1 0 0 0 0 0
fl=/build/glibc-Cl5G7W/glibc-2.23/elf/dl-version.c
fn=_dl_check_all_versions
380 5 1 1 0 0 0 4 0 0
384 19 0 0 4 0 0 0 0 0
385 4 0 0 0 0 0 0 0 0
386 40 1 1 4 0 0 4 0 0
389 7 0 0 5 0 0 0 0 0
fn=_dl_check_map_versions
56 24 0 0 4 0 0 0 0 0
57 5 0 0 5 0 0 0 0 0
58 37 1 1 0 0 0 7 0 0
174 36 1 1 0 0 0 24 0 0
175 2 0 0 0 0 0 0 0 0
183 2 0 0 0 0 0 0 0 0
189 12 1 1 4 0 0 0 0 0
190 2 0 0 0 0 0 0 0 0
191 8 0 0 4 0 0 4 0 0
193 8 0 0 4 0 0 4 0 0
194 16 0 0 4 0 0 12 0 0
196 8 0 0 0 0 0 0 0 0
199 6 1 1 4 0 0 2 0 0
203 10 0 0 2 2 2 0 0 0
220 4 0 0 4 0 0 0 0 0
228 6 0 0 2 0 0 0 0 0
233 16 1 1 4 0 0 0 0 0
237 53 1 1 29 1 1 6 0 0
244 18 0 0 9 0 0 0 0 0
247 9 0 0 3 0 0 0 0 0
252 1 0 0 0 0 0 0 0 0
256 12 1 1 4 0 0 0 0 0
270 8 1 1 4 0 0 0 0 0
273 8 0 0 6 0 0 0 0 0
276 120 0 0 30 8 8 0 0 0
279 90 0 0 30 4 4 0 0 0
283 28 0 0 0 0 0 0 0 0
287 9 1 1 0 0 0 0 0 0
292 3 0 0 0 0 0 3 0 0
293 12 0 0 0 0 0 3 0 0
294 6 1 1 0 0 0 0 0 0
302 3 0 0 0 0 0 3 0 0
305 9 0 0 6 0 0 3 0 0
307 9 0 0 3 0 0 0 0 0
310 8 1 1 6 0 0 0 0 0
314 6 0 0 2 0 0 0 0 0
317 9 0 0 3 0 0 0 0 0
319 9 0 0 0 0 0 0 0 0
321 15 0 0 3 0 0 3 0 0
322 9 0 0 0 0 0 3 2 2
323 9 1 1 3 0 0 3 0 0
324 9 0 0 3 0 0 3 0 0
327 9 0 0 3 0 0 0 0 0
332 1 0 0 0 0 0 0 0 0
335 6 0 0 2 0 0 0 0 0
345 9 0 0 3 0 0 0 0 0
348 8 1 1 6 0 0 0 0 0
352 28 0 0 28 0 0 0 0 0
354 60 0 0 30 0 0 0 0 0
359 168 0 0 56 0 0 28 8 8
360 84 0 0 28 0 0 28 0 0
361 28 0 0 0 0 0 28 3 3
364 90 0 0 30 0 0 0 0 0
368 28 0 0 0 0 0 0 0 0
374 35 1 1 28 0 0 0 0 0
fn=match_symbol
76 39 2 2 0 0 0 24 0 0
77 6 0 0 6 0 0 0 0 0
85 6 0 0 3 0 0 0 0 0
91 9 0 0 3 0 0 0 0 0
106 3 1 1 3 0 0 0 0 0
107 6 0 0 0 0 0 0 0 0
109 3 0 0 3 0 0 0 0 0
114 20 0 0 10 4 4 0 0 0
128 20 0 0 10 0 0 0 0 0
133 21 1 1 6 0 0 3 0 0
140 21 0 0 7 1 1 0 0 0
144 7 0 0 0 0 0 0 0 0
168 24 0 0 21 0 0 0 0 0
fl=/build/glibc-Cl5G7W/glibc-2.23/elf/do-rel.h
fn=_dl_relocate_object
47 24 0 0 8 0 0 8 0 0
48 8 0 0 8 0 0 0 0 0
58 24 1 1 8 1 0 0 0 0
61 81 0 0 0 0 0 0 0 0
63 88 1 1 22 8 8 0 0 0
65 26 0 0 0 0 0 0 0 0
74 6 0 0 0 0 0 0 0 0
75 46 2 2 17 0 0 0 0 0
76 16 0 0 8 0 0 0 0 0
83 10 0 0 5 0 0 5 0 0
84 5 1 1 5 0 0 0 0 0
86 15 1 1 5 0 0 0 0 0
98 15 0 0 0 0 0 0 0 0
108 9 1 1 1 1 1 0 0 0
111 3584 1 1 0 0 0 0 0 0
112 2384 0 0 1192 0 0 0 0 0
118 15 0 0 5 4 0 0 0 0
121 8 0 0 4 3 0 4 0 0
124 299 1 1 100 1 0 3 1 0
127 372 0 0 93 26 22 0 0 0
129 8 0 0 0 0 0 0 0 0
136 372 0 0 186 46 43 0 0 0
137 600 0 0 93 0 0 93 1 0
138 93 1 1 93 1 0 0 0 0
139 186 0 0 93 0 0 0 0 0
143 6 0 0 0 0 0 0 0 0
160 24 3 3 8 0 0 3 0 0
162 20 0 0 5 2 2 0 0 0
170 30 1 1 5 0 0 5 0 0
171 10 0 0 10 0 0 0 0 0
174 2 0 0 0 0 0 0 0 0
fn=_dl_start
83 1 0 0 1 0 0 0 0 0
84 1 0 0 1 0 0 0 0 0
111 33 0 0 0 0 0 0 0 0
112 20 0 0 10 2 2 0 0 0
116 2 0 0 1 0 0 0 0 0
124 22 0 0 0 0 0 0 0 0
136 6 0 0 6 2 2 0 0 0
137 36 1 1 6 0 0 0 0 0
fl=/build/glibc-Cl5G7W/glibc-2.23/elf/get-dynamic-info.h
fn=_dl_map_object_from_fd
39 4 0 0 0 0 0 0 0 0
43 2 0 0 0 0 0 0 0 0
45 141 0 0 47 13 13 0 0 0
47 90 0 0 0 0 0 0 0 0
60 42 0 0 0 0 0 0 0 0
61 71 1 1 0 0 0 43 11 11
62 8 0 0 0 0 0 0 0 0
64 2 0 0 0 0 0 0 0 0
65 10 1 1 0 0 0 0 0 0
67 2 0 0 0 0 0 0 0 0
68 10 0 0 0 0 0 0 0 0
70 10 0 0 0 0 0 2 0 0
71 45 0 0 0 0 0 0 0 0
78 4 0 0 0 0 0 0 0 0
98 7 0 0 3 0 0 0 0 0
99 8 1 1 4 0 0 0 0 0
100 8 0 0 4 0 0 0 0 0
101 8 0 0 4 0 0 0 0 0
103 8 0 0 4 0 0 0 0 0
108 8 1 1 4 0 0 0 0 0
109 7 0 0 3 1 1 0 0 0
110 8 0 0 4 0 0 0 0 0
116 6 0 0 2 0 0 0 0 0
121 4 0 0 2 0 0 0 0 0
128 4 1 1 2 0 0 0 0 0
129 6 0 0 4 0 0 0 0 0
145 6 0 0 2 1 1 0 0 0
150 2 0 0 1 0 0 1 0 0
152 2 0 0 0 0 0 0 0 0
154 2 0 0 0 0 0 0 0 0
156 2 0 0 0 0 0 0 0 0
159 6 1 1 2 0 0 0 0 0
161 4 0 0 1 0 0 1 0 0
169 2 0 0 1 0 0 0 0 0
174 2 1 1 0 0 0 0 0 0
177 4 0 0 2 0 0 0 0 0
fn=_dl_start
45 57 1 1 19 6 6 0 0 0
47 36 0 0 0 0 0 0 0 0
48 26 0 0 0 0 0 13 4 4
60 21 0 0 0 0 0 0 0 0
61 18 2 2 0 0 0 4 3 3
62 4 1 1 0 0 0 0 0 0
64 1 0 0 0 0 0 0 0 0
65 5 1 1 0 0 0 0 0 0
67 2 0 0 0 0 0 0 0 0
68 5 1 1 0 0 0 0 0 0
70 6 0 0 0 0 0 1 1 1
71 18 0 0 0 0 0 0 0 0
78 2 0 0 0 0 0 0 0 0
98 4 0 0 2 0 0 0 0 0
99 4 0 0 2 0 0 0 0 0
100 4 1 1 2 0 0 0 0 0
101 4 0 0 2 0 0 0 0 0
103 4 0 0 2 0 0 0 0 0
108 4 0 0 2 0 0 0 0 0
109 4 1 1 2 0 0 0 0 0
110 4 0 0 2 0 0 0 0 0
116 3 0 0 1 0 0 0 0 0
121 2 0 0 1 0 0 0 0 0
128 3 0 0 1 0 0 0 0 0
129 3 1 1 2 0 0 0 0 0
137 3 0 0 1 0 0 0 0 0
139 3 0 0 1 0 0 0 0 0
142 2 1 1 1 0 0 0 0 0
143 2 0 0 1 0 0 0 0 0
fn=dl_main
30 1 0 0 1 0 0 0 0 0
39 2 0 0 0 0 0 0 0 0
43 1 0 0 0 0 0 0 0 0
45 72 0 0 24 7 7 0 0 0
47 46 0 0 0 0 0 0 0 0
60 17 0 0 0 0 0 0 0 0
61 33 0 0 0 0 0 22 6 6
62 4 1 1 0 0 0 0 0 0
64 1 0 0 0 0 0 0 0 0
65 5 1 1 0 0 0 0 0 0
67 1 1 1 0 0 0 0 0 0
68 5 1 1 0 0 0 0 0 0
70 5 0 0 0 0 0 1 0 0
71 23 0 0 0 0 0 0 0 0
78 3 0 0 1 0 0 0 0 0
116 3 1 1 1 0 0 0 0 0
121 2 0 0 1 0 0 0 0 0
128 2 0 0 1 0 0 0 0 0
129 3 1 1 2 0 0 0 0 0
145 3 0 0 1 0 0 0 0 0
159 3 1 1 1 0 0 0 0 0
177 2 1 1 1 0 0 0 0 0
fl=/build/glibc-Cl5G7W/glibc-2.23/elf/rtld.c
fn=_dl_initial_error_catch_tsd
664 8 0 0 4 0 0 0 0 0
fn=_dl_start
302 2 0 0 0 0 0 1 1 1
303 2 0 0 0 0 0 1 0 0
304 2 0 0 0 0 0 1 1 1
305 2 0 0 0 0 0 1 0 0
306 2 1 1 0 0 0 1 0 0
314 5 0 0 0 0 0 1 1 1
317 1 0 0 0 0 0 1 0 0
323 4 1 0 0 0 0 1 0 0
332 1 0 0 0 0 0 0 0 0
335 5 0 0 1 1 0 1 1 0
339 2 0 0 1 0 0 0 0 0
353 9 2 2 0 0 0 6 1 1
371 5 0 0 0 0 0 1 1 1
394 1 0 0 0 0 0 1 0 0
397 1 0 0 0 0 0 1 1 1
408 2 0 0 0 0 0 0 0 0
413 26 2 2 9 0 0 0 0 0
415 1 1 1 1 1 1 0 0 0
440 9 0 0 7 1 0 0 0 0
fn=dl_main
719 1 0 0 1 0 0 0 0 0
721 3 0 0 1 0 0 1 0 0
730 1 1 1 0 0 0 1 0 0
732 1 0 0 0 0 0 1 0 0
737 1 0 0 0 0 0 1 0 0
790 12 2 2 0 0 0 7 2 2
799 1 0 0 0 0 0 0 0 0
805 1 0 0 0 0 0 1 0 0
809 2 0 0 0 0 0 1 0 0
812 2 0 0 0 0 0 1 1 1
816 2 0 0 0 0 0 1 1 1
817 2 1 1 0 0 0 1 0 0
822 2 0 0 0 0 0 1 0 0
832 3 1 1 1 0 0 0 0 0
1033 8 1 1 0 0 0 1 0 0
1035 2 0 0 0 0 0 0 0 0
1036 1 0 0 0 0 0 1 0 0
1037 2 1 1 1 0 0 1 0 0
1038 2 0 0 1 0 0 1 0 0
1042 3 0 0 0 0 0 1 0 0
1043 3 0 0 1 0 0 0 0 0
1064 1 0 0 0 0 0 1 1 1
1065 1 1 1 0 0 0 1 0 0
1067 1 0 0 0 0 0 1 0 0
1069 1 0 0 1 0 0 0 0 0
1072 35 0 0 1 0 0 0 0 0
1073 71 1 1 9 5 5 0 0 0
1077 3 1 1 1 0 0 1 0 0
1078 1 0 0 0 0 0 0 0 0
1082 3 1 1 2 0 0 1 0 0
1083 1 0 0 0 0 0 0 0 0
1091 1 0 0 0 0 0 1 1 1
1092 2 0 0 2 1 1 0 0 0
1094 3 1 1 0 0 0 1 0 0
1101 2 0 0 1 0 0 0 0 0
1119 1 0 0 0 0 0 0 0 0
1127 8 0 0 2 0 0 0 0 0
1128 7 2 2 3 1 1 0 0 0
1129 4 1 1 2 0 0 0 0 0
1130 1 0 0 0 0 0 1 0 0
1133 4 0 0 2 1 1 0 0 0
1134 4 0 0 2 0 0 0 0 0
1135 2 0 0 0 0 0 2 0 0
1136 6 0 0 3 0 0 0 0 0
1137 2 0 0 0 0 0 1 0 0
1164 2 0 0 1 0 0 1 0 0
1165 1 0 0 0 0 0 0 0 0
1168 2 1 1 1 0 0 1 0 0
1169 2 0 0 1 0 0 1 0 0
1170 1 0 0 0 0 0 0 0 0
1175 5 1 1 3 1 1 0 0 0
1178 2 0 0 0 0 0 0 0 0
1180 2 0 0 0 0 0 0 0 0
1182 3 1 1 1 0 0 0 0 0
1195 3 0 0 1 0 0 0 0 0
1196 8 0 0 4 0 0 1 0 0
1201 1 0 0 0 0 0 1 0 0
1203 1 1 1 0 0 0 1 1 1
1204 1 0 0 0 0 0 1 0 0
1206 2 0 0 1 0 0 0 0 0
1207 2 0 0 0 0 0 1 0 0
1211 2 0 0 1 0 0 0 0 0
1213 2 1 1 0 0 0 0 0 0
1218 2 0 0 0 0 0 1 0 0
1221 2 0 0 1 0 0 0 0 0
1237 3 1 1 0 0 0 1 0 0
1243 9 1 1 1 0 0 2 0 0
1248 2 1 1 1 0 0 1 0 0
1251 4 1 1 1 0 0 1 0 0
1253 1 0 0 0 0 0 1 0 0
1258 2 0 0 1 0 0 0 0 0
1261 3 0 0 2 0 0 1 0 0
1262 4 1 1 1 0 0 1 0 0
1263 2 0 0 0 0 0 1 0 0
1264 1 0 0 0 0 0 1 0 0
1265 1 0 0 1 0 0 0 0 0
1266 1 0 0 1 0 0 0 0 0
1271 2 0 0 1 0 0 0 0 0
1272 5 0 0 1 0 0 1 0 0
1289 2 1 1 1 1 1 0 0 0
1290 2 0 0 1 0 0 0 0 0
1292 4 0 0 1 0 0 0 0 0
1294 2 1 1 0 0 0 1 0 0
1295 4 0 0 1 0 0 1 1 1
1300 3 0 0 0 0 0 0 0 0
1301 5 0 0 1 1 1 0 0 0
1303 2 0 0 1 0 0 1 1 1
1304 2 0 0 1 0 0 1 0 0
1309 2 1 1 1 0 0 0 0 0
1314 3 0 0 1 0 0 0 0 0
1491 2 0 0 0 0 0 2 0 0
1499 3 1 1 1 0 0 0 0 0
1502 1 0 0 0 0 0 1 0 0
1506 3 0 0 1 0 0 0 0 0
1511 1 0 0 0 0 0 1 0 0
1512 1 0 0 0 0 0 1 0 0
1513 1 0 0 0 0 0 0 0 0
1517 3 0 0 1 0 0 0 0 0
1532 3 1 1 2 0 0 0 0 0
1533 1 0 0 0 0 0 0 0 0
1534 1 0 0 0 0 0 0 0 0
1536 3 0 0 1 0 0 0 0 0
1538 5 0 0 0 0 0 0 0 0
1539 3 0 0 0 0 0 1 0 0
1540 1 0 0 0 0 0 0 0 0
1542 6 1 1 1 0 0 1 0 0
1552 5 0 0 0 0 0 1 0 0
1629 4 0 0 2 0 0 0 0 0
1633 8 1 1 0 0 0 0 0 0
1634 1 0 0 0 0 0 0 0 0
1637 3 0 0 0 0 0 1 0 0
1638 1 0 0 1 0 0 0 0 0
1639 2 0 0 0 0 0 0 0 0
1640 2 0 0 0 0 0 0 0 0
1646 5 1 1 0 0 0 0 0 0
1647 8 0 0 1 0 0 1 0 0
1648 1 0 0 0 0 0 0 0 0
1650 6 1 1 1 0 0 1 0 0
1653 13 0 0 2 0 0 0 0 0
1654 16 0 0 8 0 0 0 0 0
1657 3 1 1 2 0 0 1 0 0
1658 4 1 1 1 0 0 0 0 0
1659 1 0 0 0 0 0 1 0 0
1661 10 1 1 0 0 0 0 0 0
1662 11 0 0 4 0 0 0 0 0
1672 2 1 1 0 0 0 1 0 0
1674 2 1 1 1 0 0 1 0 0
1675 3 0 0 1 0 0 0 0 0
1677 2 0 0 0 0 0 1 0 0
1679 3 0 0 0 0 0 0 0 0
1681 3 0 0 1 0 0 0 0 0
1682 1 0 0 1 0 0 0 0 0
1695 2 1 1 0 0 0 0 0 0
1696 2 0 0 0 0 0 1 0 0
1697 3 0 0 1 0 0 0 0 0
1708 5 1 1 1 0 0 1 0 0
1709 1 0 0 0 0 0 1 0 0
1710 5 0 0 0 0 0 1 0 0
1720 2 0 0 1 0 0 1 0 0
1721 2 1 1 1 0 0 0 0 0
1722 2 0 0 0 0 0 2 0 0
1724 2 0 0 1 0 0 0 0 0
1729 3 0 0 1 0 0 0 0 0
1959 3 0 0 1 1 1 0 0 0
2015 2 1 1 0 0 0 1 0 0
2019 4 1 1 2 0 0 2 0 0
2023 2 0 0 1 0 0 1 0 0
2026 2 0 0 1 0 0 0 0 0
2080 3 1 1 1 0 0 0 0 0
2087 1 0 0 1 0 0 0 0 0
2089 7 1 1 1 0 0 1 0 0
2091 11 1 1 0 0 0 0 0 0
2093 12 0 0 8 1 0 0 0 0
2098 8 0 0 8 0 0 0 0 0
2100 10 0 0 0 0 0 0 0 0
2102 1 1 1 0 0 0 1 0 0
2103 1 0 0 1 0 0 0 0 0
2106 4 0 0 4 0 0 0 0 0
2108 9 0 0 0 0 0 0 0 0
2109 24 0 0 6 2 0 3 0 0
2113 14 0 0 5 2 0 0 0 0
2114 3 0 0 0 0 0 1 0 0
2116 1 0 0 0 0 0 0 0 0
2118 6 0 0 1 1 0 1 0 0
2124 2 0 0 1 0 0 0 0 0
2129 4 1 1 2 0 0 0 0 0
2131 1 0 0 1 0 0 0 0 0
2136 3 1 1 1 0 0 1 0 0
2139 2 0 0 1 0 0 0 0 0
2148 3 0 0 2 0 0 0 0 0
2150 2 1 1 1 0 0 0 0 0
2165 5 0 0 0 0 0 0 0 0
2167 1 0 0 1 0 0 0 0 0
2168 5 0 0 1 0 0 1 0 0
2169 1 0 0 0 0 0 0 0 0
2171 6 1 1 1 0 0 1 0 0
2179 1 0 0 0 0 0 1 0 0
2183 3 0 0 1 0 0 0 0 0
2203 4 0 0 0 0 0 1 0 0
2204 1 0 0 0 0 0 1 0 0
2205 1 0 0 0 0 0 1 0 0
2206 1 0 0 0 0 0 0 0 0
2210 1 1 1 0 0 0 1 0 0
2215 8 0 0 7 2 0 0 0 0
2383 2 0 0 1 0 0 1 1 1
2385 1 0 0 0 0 0 1 0 0
2386 1 0 0 0 0 0 0 0 0
2390 13 1 1 1 0 0 4 0 0
2392 15 0 0 3 0 0 3 1 1
2396 107 1 1 21 0 0 0 0 0
2397 19 0 0 0 0 0 0 0 0
2399 4 0 0 0 0 0 0 0 0
2405 14 1 1 2 1 1 0 0 0
2426 6 1 1 0 0 0 1 0 0
2433 6 2 2 0 0 0 1 0 0
2435 3 0 0 0 0 0 1 0 0
2480 3 1 1 1 0 0 0 0 0
2481 6 1 1 0 0 0 1 0 0
2483 3 1 1 0 0 0 1 1 1
2553 3 0 0 1 0 0 0 0 0
2583 3 0 0 1 0 0 0 0 0
fn=handle_ld_preload
108 3 1 1 1 0 0 0 0 0
672 1 0 0 0 0 0 1 0 0
676 1 0 0 0 0 0 1 0 0
677 2 1 1 1 0 0 1 0 0
678 1 0 0 0 0 0 1 0 0
680 1 0 0 1 0 0 0 0 0
682 13 0 0 3 0 0 4 0 0
683 3 0 0 1 0 0 0 0 0
696 3 0 0 1 0 0 0 0 0
757 9 1 1 0 0 0 7 1 1
758 1 0 0 0 0 0 0 0 0
762 6 1 1 2 0 0 0 0 0
766 2 0 0 0 0 0 0 0 0
768 6 1 1 0 0 0 1 0 0
769 2 0 0 0 0 0 1 0 0
776 4 0 0 0 0 0 0 0 0
779 2 0 0 1 0 0 0 0 0
780 1 0 0 0 0 0 0 0 0
783 9 1 1 7 0 0 0 0 0
fn=init_tls
589 2 1 1 0 0 0 1 0 0
591 2 0 0 1 0 0 1 0 0
595 2 0 0 1 0 0 0 0 0
604 1 1 1 0 0 0 1 0 0
605 4 0 0 0 0 0 1 0 0
610 1 0 0 0 0 0 0 0 0
611 2 0 0 0 0 0 1 0 0
612 1 0 0 0 0 0 1 1 1
616 2 0 0 1 1 1 0 0 0
617 1 0 0 0 0 0 0 0 0
618 11 1 1 1 0 0 0 0 0
619 8 0 0 4 0 0 0 0 0
620 8 0 0 4 0 0 0 0 0
624 3 0 0 0 0 0 1 0 0
626 1 0 0 0 0 0 0 0 0
628 3 0 0 0 0 0 0 0 0
631 1 1 1 0 0 0 1 0 0
638 2 0 0 0 0 0 1 0 0
639 2 0 0 0 0 0 0 0 0
645 2 1 1 1 0 0 1 0 0
648 7 0 0 0 0 0 2 0 0
651 1 1 0 0 0 0 1 0 0
653 1 0 0 0 0 0 0 0 0
654 2 0 0 2 0 0 0 0 0
fn=map_doit
496 2 1 1 0 0 0 1 0 0
498 1 0 0 1 0 0 0 0 0
499 9 0 0 2 0 0 2 0 0
501 2 0 0 2 0 0 0 0 0
fn=rtld_lock_default_lock_recursive
704 10 1 1 10 2 1 0 0 0
fn=rtld_lock_default_unlock_recursive
710 10 0 0 10 1 0 0 0 0
fn=version_check_doit
529 2 1 1 0 0 0 1 0 0
531 6 1 0 2 0 0 1 0 0
535 2 0 0 2 0 0 0 0 0
fl=/build/glibc-Cl5G7W/glibc-2.23/elf/setup-vdso.h
fn=dl_main
24 2 0 0 1 0 0 0 0 0
fl=/build/glibc-Cl5G7W/glibc-2.23/io/../sysdeps/unix/syscall-template.S
fn=access
84 12 1 1 0 0 0 0 0 0
86 15 0 0 3 0 0 3 0 0
fn=close
84 12 1 1 0 0 0 0 0 0
85 3 0 0 3 0 0 0 0 0
fn=open
84 28 1 1 0 0 0 0 0 0
85 3 0 0 3 0 0 0 0 0
86 20 0 0 4 0 0 4 0 0
fn=read
84 8 1 1 0 0 0 0 0 0
85 2 0 0 2 0 0 0 0 0
fl=/build/glibc-Cl5G7W/glibc-2.23/io/../sysdeps/unix/sysv/linux/wordsize-64/fxstat.c
fn=_fxstat
33 3 0 0 0 0 0 0 0 0
34 6 1 1 0 0 0 0 0 0
35 18 0 0 0 0 0 0 0 0
39 3 0 0 3 0 0 0 0 0
fl=/build/glibc-Cl5G7W/glibc-2.23/io/../sysdeps/unix/sysv/linux/wordsize-64/xstat.c
fn=_xstat
33 4 0 0 0 0 0 0 0 0
34 8 1 1 0 0 0 0 0 0
35 36 0 0 3 0 0 3 0 0
39 1 0 0 1 0 0 0 0 0
fl=/build/glibc-Cl5G7W/glibc-2.23/libio/genops.c
fn=_IO_cleanup
888 12 0 0 4 0 0 0 0 0
890 6 1 1 3 1 1 0 0 0
892 6 0 0 2 0 0 0 0 0
898 1 0 0 1 0 0 0 0 0
928 3 0 0 0 0 0 3 0 0
948 5 1 1 0 0 0 4 0 0
951 3 0 0 0 0 0 1 0 0
963 7 2 2 5 0 0 0 0 0
fn=_IO_flush_all_lockp
760 8 1 1 0 0 0 6 0 0
766 4 1 1 0 0 0 0 0 0
771 1 0 0 1 1 1 0 0 0
772 1 1 1 1 1 1 0 0 0
773 8 0 0 0 0 0 0 0 0
775 3 0 0 0 0 0 3 0 0
776 6 1 1 0 0 0 0 0 0
777 2 0 0 1 0 0 0 0 0
779 21 2 2 9 6 6 0 0 0
789 6 1 1 0 0 0 0 0 0
791 3 1 1 0 0 0 3 0 0
793 11 1 1 3 0 0 0 0 0
800 3 0 0 3 3 3 0 0 0
804 2 0 0 0 0 0 0 0 0
806 2 0 0 0 0 0 0 0 0
810 9 0 0 7 0 0 0 0 0
fl=/build/glibc-Cl5G7W/glibc-2.23/malloc/arena.c
fn=malloc_hook_ini
260 3 0 0 1 1 1 0 0 0
fn=ptmalloc_init.part.5
221 258 0 0 86 12 0 0 0 0
223 170 0 0 85 38 0 0 0 0
224 2 0 0 1 0 0 0 0 0
225 2 0 0 1 0 0 0 0 0
239 85 0 0 0 0 0 0 0 0
258 6 1 1 0 0 0 5 0 0
263 1 0 0 0 0 0 1 0 0
271 2 1 1 1 0 0 0 0 0
272 7 2 2 0 0 0 1 0 0
273 4 0 0 2 0 0 0 0 0
277 3 0 0 1 1 0 1 1 0
279 5 0 0 2 2 0 0 0 0
295 2 1 1 0 0 0 0 0 0
340 2 1 1 0 0 0 0 0 0
346 2 0 0 2 1 1 0 0 0
347 2 0 0 0 0 0 0 0 0
349 1 0 0 0 0 0 1 1 0
350 7 0 0 6 1 0 0 0 0
fn=sysmalloc
488 1287 0 0 0 0 0 429 1 0
fl=/build/glibc-Cl5G7W/glibc-2.23/malloc/hooks.c
fn=malloc_hook_ini
29 4 1 1 0 0 0 2 0 0
30 2 1 1 1 0 0 1 0 0
33 4 0 0 3 0 0 0 0 0
fl=/build/glibc-Cl5G7W/glibc-2.23/malloc/malloc.c
fn=_int_free
1886 16137 0 0 5379 0 0 0 0 0
3841 53790 1 1 0 0 0 37653 377 1
3852 377 0 0 0 0 0 377 377 1
3854 16137 0 0 5379 0 0 0 0 0
3860 21516 1 1 0 0 0 0 0 0
3861 10758 0 0 0 0 0 0 0 0
3872 21516 0 0 0 0 0 0 0 0
3885 10758 0 0 5379 1 1 0 0 0
3960 10758 1 1 0 0 0 0 0 0
3961 16137 1 1 5379 0 0 0 0 0
3962 25010 1 1 10004 2 2 0 0 0
3963 10004 0 0 0 0 0 5002 0 0
3966 5379 0 0 0 0 0 0 0 0
3970 21516 1 1 5379 1 1 0 0 0
3976 10758 0 0 5379 0 0 0 0 0
3984 16137 0 0 5379 5000 4884 0 0 0
3990 10758 1 1 0 0 0 0 0 0
3991 10758 0 0 0 0 0 0 0 0
3992 10758 0 0 5379 1 1 0 0 0
4001 10758 0 0 5379 0 0 0 0 0
4008 10758 1 1 5379 0 0 0 0 0
4013 10758 0 0 5379 5002 4943 0 0 0
4017 10758 1 1 5379 0 0 0 0 0
4025 5379 0 0 0 0 0 0 0 0
4026 5379 1 1 5379 1 1 0 0 0
4027 10758 0 0 5379 0 0 0 0 0
4032 5379 0 0 0 0 0 5379 0 0
4033 5379 1 1 0 0 0 5379 0 0
4034 10758 0 0 0 0 0 0 0 0
4036 5379 0 0 0 0 0 5379 2689 2689
4037 5379 0 0 0 0 0 5379 0 0
4039 5379 0 0 0 0 0 5379 0 0
4040 5379 0 0 0 0 0 5379 0 0
4042 16137 0 0 0 0 0 5379 0 0
4043 5379 0 0 0 0 0 5379 0 0
4073 10758 0 0 0 0 0 0 0 0
4093 16137 1 1 5379 0 0 0 0 0
4094 15006 1 1 5002 0 0 0 0 0
4095 25010 0 0 10004 0 0 0 0 0
4105 43032 0 0 37653 0 0 0 0 0
fn=_int_malloc
1879 30441 1 1 10004 0 0 0 0 0
3319 70028 0 0 0 0 0 60024 0 0
3349 100040 1 1 0 0 0 0 0 0
3353 30012 1 1 0 0 0 10004 9952 0
3367 20008 0 0 10004 9953 1 0 0 0
3404 20008 1 1 0 0 0 0 0 0
3448 150060 4 4 0 0 0 10004 0 0
3449 20008 0 0 10004 0 0 0 0 0
3450 2 0 0 0 0 0 1 1 0
3469 51151 1 1 10381 9952 0 0 0 0
3471 377 0 0 377 0 0 0 0 0
3472 1131 0 0 377 377 0 0 0 0
3473 754 0 0 377 377 0 0 0 0
3476 377 0 0 0 0 0 0 0 0
3486 754 0 0 0 0 0 0 0 0
3515 377 0 0 0 0 0 377 0 0
3516 377 0 0 0 0 0 377 0 0
3520 754 1 1 0 0 0 0 0 0
3533 754 0 0 0 0 0 0 0 0
3536 377 1 1 0 0 0 0 0 0
3541 4151 2 2 0 0 0 0 0 0
3542 1508 1 1 0 0 0 0 0 0
3543 377 0 0 377 377 2 0 0 0
3546 754 0 0 0 0 0 0 0 0
3549 375 0 0 0 0 0 0 0 0
3551 1500 0 0 750 375 0 0 0 0
3552 750 0 0 0 0 0 0 0 0
3563 1125 0 0 375 374 0 0 0 0
3564 750 1 1 0 0 0 0 0 0
3570 375 0 0 0 0 0 0 0 0
3572 750 1 1 375 0 0 0 0 0
3580 750 0 0 375 373 0 0 0 0
3584 8 1 1 0 0 0 4 1 0
3587 1885 0 0 377 0 0 0 0 0
3588 377 0 0 0 0 0 377 0 0
3589 377 0 0 0 0 0 377 0 0
3590 377 0 0 0 0 0 377 1 1
3591 377 0 0 0 0 0 377 0 0
3594 754 0 0 0 0 0 0 0 0
3603 20008 1 1 0 0 0 0 0 0
3605 40016 1 1 10004 0 0 0 0 0
3608 40016 0 0 10004 9952 0 0 0 0
3676 20008 0 0 10004 0 0 0 0 0
3677 20008 1 1 0 0 0 0 0 0
3678 20008 0 0 0 0 0 0 0 0
3679 20008 0 0 10004 9576 0 0 0 0
3680 20008 0 0 0 0 0 0 0 0
3685 20008 0 0 0 0 0 0 0 0
3689 30012 1 1 0 0 0 0 0 0
3792 10004 1 1 10004 0 0 0 0 0
3793 20008 0 0 10004 0 0 0 0 0
3795 30012 0 0 0 0 0 0 0 0
3797 9575 0 0 0 0 0 0 0 0
3798 9575 0 0 0 0 0 0 0 0
3799 9575 0 0 0 0 0 9575 0 0
3800 76600 1 1 0 0 0 9575 0 0
3802 19150 0 0 0 0 0 9575 9575 9575
3805 9575 0 0 0 0 0 0 0 0
3812 858 0 0 429 0 0 0 0 0
3817 30012 0 0 0 0 0 10004 0 0
3819 260104 2 2 0 0 0 100040 19904 0
3827 1287 2 2 0 0 0 429 0 0
3828 858 0 0 0 0 0 0 0 0
3833 90036 2 2 70028 0 0 0 0 0
5002 30012 0 0 0 0 0 20008 0 0
5004 40016 0 0 0 0 0 10004 0 0
fn=calloc
3172 50020 1 1 0 0 0 40016 0 0
3182 20008 0 0 0 0 0 0 0 0
3187 50020 0 0 0 0 0 0 0 0
3195 20008 1 1 20008 19905 0 0 0 0
3196 20008 0 0 0 0 0 0 0 0
3199 3 1 1 1 0 0 1 0 0
3200 2 0 0 0 0 0 0 0 0
3203 3 1 1 0 0 0 0 0 0
3208 130039 2 2 50015 29856 0 0 0 0
3214 10003 1 1 10003 9952 0 0 0 0
3215 20006 0 0 10003 9952 0 0 0 0
3222 30009 0 0 0 0 0 0 0 0
3236 40012 1 1 0 0 0 10003 9952 0
3239 100030 0 0 10003 0 0 0 0 0
3249 20006 0 0 0 0 0 0 0 0
3250 40012 1 1 20006 0 0 0 0 0
3253 20006 0 0 0 0 0 0 0 0
3259 30009 0 0 10003 0 0 0 0 0
3267 10003 0 0 0 0 0 0 0 0
3270 79270 0 0 10003 0 0 0 0 0
3281 10003 0 0 0 0 0 0 0 0
3282 20006 0 0 0 0 0 0 0 0
3283 20006 1 1 0 0 0 0 0 0
3285 20006 0 0 0 0 0 0 0 0
3286 30010 0 0 0 0 0 0 0 0
3311 50020 0 0 40016 1 0 0 0 0
fn=free
2934 25010 1 1 0 0 0 20008 0 0
2939 10004 1 1 10004 2 2 0 0 0
2940 10004 0 0 0 0 0 0 0 0
2946 10004 0 0 0 0 0 0 0 0
2949 5002 0 0 0 0 0 0 0 0
2951 15006 0 0 5002 381 379 0 0 0
2967 15006 0 0 0 0 0 0 0 0
2968 10004 0 0 0 0 0 5002 0 0
2969 30012 1 1 25010 0 0 0 0 0
fn=malloc_consolidate
1805 254 0 0 0 0 0 0 0 0
1808 381 0 0 0 0 0 254 32 32
1812 3 1 1 0 0 0 0 0 0
1816 3 1 1 1 0 0 1 0 0
1817 3 0 0 1 0 0 1 0 0
1819 1 0 0 0 0 0 1 1 1
4144 2 1 1 1 0 0 0 0 0
4996 4 1 1 0 0 0 0 0 0
fn=malloc_hook_ini
2908 2 0 0 0 0 0 0 0 0
2911 13 2 2 5 1 0 0 0 0
2913 4 1 1 0 0 0 1 0 0
2916 2 0 0 0 0 0 0 0 0
2923 2 1 1 1 1 0 1 0 0
2924 4 0 0 2 0 0 0 0 0
2926 11 1 1 1 0 0 0 0 0
fn=sysmalloc
2268 3432 1 1 0 0 0 2574 428 0
2288 858 0 0 858 858 0 0 0 0
2299 858 0 0 0 0 0 0 0 0
2300 2145 1 1 429 428 0 429 429 0
2315 2145 0 0 0 0 0 858 0 0
2321 53 1 1 0 0 0 0 0 0
2380 429 0 0 429 0 0 0 0 0
2381 1287 0 0 429 0 0 0 0 0
2382 429 1 1 0 0 0 0 0 0
2391 4714 1 1 429 0 0 0 0 0
2397 1716 0 0 0 0 0 429 0 0
2400 1287 0 0 0 0 0 0 0 0
2455 1716 0 0 429 0 0 0 0 0
2463 1234 1 1 429 0 0 0 0 0
2464 53 0 0 0 0 0 0 0 0
2474 2574 1 1 0 0 0 858 0 0
2482 858 0 0 0 0 0 0 0 0
2484 2574 1 1 858 428 0 1287 428 0
2485 429 0 0 0 0 0 0 0 0
2488 1716 1 1 858 0 0 0 0 0
2491 104 0 0 104 103 0 0 0 0
2492 104 0 0 0 0 0 0 0 0
2507 1130 1 1 377 0 0 0 0 0
2508 4 0 0 2 0 0 0 0 0
2511 1508 0 0 0 0 0 0 0 0
2512 481 0 0 0 0 0 0 0 0
2515 754 1 1 0 0 0 0 0 0
2517 3770 0 0 0 0 0 1131 0 0
2519 754 0 0 0 0 0 0 0 0
2531 377 0 0 377 0 0 0 0 0
2536 3016 0 0 754 0 0 0 0 0
2538 858 0 0 429 429 1 0 0 0
2539 5 1 1 0 0 0 2 0 0
2540 1287 0 0 429 0 0 429 0 0
2546 1710 1 1 0 0 0 0 0 0
2547 255 0 0 51 0 0 51 0 0
2549 1138 2 2 378 0 0 0 0 0
2579 377 0 0 0 0 0 0 0 0
2586 2 0 0 0 0 0 0 0 0
2592 3 0 0 0 0 0 0 0 0
2611 1 0 0 0 0 0 0 0 0
2614 2 0 0 0 0 0 0 0 0
2615 6 1 1 2 0 0 0 0 0
2617 2 0 0 0 0 0 0 0 0
2618 3 0 0 2 0 0 1 0 0
2630 2 0 0 0 0 0 0 0 0
2638 3 1 1 3 0 0 0 0 0
2639 3 0 0 1 0 0 0 0 0
2649 1131 1 1 0 0 0 0 0 0
2668 754 1 1 0 0 0 0 0 0
2677 378 0 0 0 0 0 378 0 0
2678 1890 0 0 0 0 0 378 378 378
2679 756 0 0 0 0 0 378 0 0
2690 756 0 0 0 0 0 0 0 0
2697 754 1 1 0 0 0 0 0 0
2698 1131 0 0 0 0 0 377 0 0
2706 377 0 0 0 0 0 377 377 377
2709 377 0 0 0 0 0 377 0 0
2713 754 0 0 0 0 0 0 0 0
2715 2639 0 0 754 0 0 377 0 0
2723 858 1 1 429 0 0 0 0 0
2724 429 0 0 0 0 0 429 0 0
2732 1716 0 0 858 0 0 0 0 0
2734 429 0 0 0 0 0 0 0 0
2735 429 0 0 0 0 0 0 0 0
2736 429 0 0 0 0 0 429 0 0
2737 3432 1 1 0 0 0 429 0 0
2738 858 0 0 0 0 0 429 429 429
2740 429 0 0 0 0 0 0 0 0
2746 3861 0 0 3003 0 0 0 0 0
fl=/build/glibc-Cl5G7W/glibc-2.23/malloc/morecore.c
fn=__default_morecore
46 430 1 1 0 0 0 0 0 0
47 430 0 0 0 0 0 430 0 0
48 1290 0 0 0 0 0 0 0 0
52 860 0 0 430 0 0 0 0 0
fl=/build/glibc-Cl5G7W/glibc-2.23/misc/../sysdeps/unix/syscall-template.S
fn=mprotect
84 24 1 1 0 0 0 0 0 0
85 6 0 0 6 0 0 0 0 0
fn=munmap
84 4 1 1 0 0 0 0 0 0
85 1 0 0 1 0 0 0 0 0
fl=/build/glibc-Cl5G7W/glibc-2.23/misc/../sysdeps/unix/sysv/linux/wordsize-64/mmap.c
fn=mmap
32 3850 0 0 0 0 0 2310 2 2
33 2308 4 4 2 0 0 0 0 0
34 3850 0 0 0 0 0 0 0 0
36 2695 0 0 2695 0 0 0 0 0
fl=/build/glibc-Cl5G7W/glibc-2.23/misc/../sysdeps/unix/sysv/linux/x86_64/brk.c
fn=brk
31 3440 1 1 430 0 0 430 0 0
33 860 0 0 0 0 0 0 0 0
35 754 1 1 377 0 0 377 377 1
36 377 0 0 0 0 0 0 0 0
39 430 0 0 0 0 0 0 0 0
40 430 0 0 430 0 0 0 0 0
fl=/build/glibc-Cl5G7W/glibc-2.23/misc/init-misc.c
fn=__init_misc
30 3 0 0 0 0 0 2 0 0
31 6 1 1 1 0 0 0 0 0
33 3 0 0 0 0 0 1 0 0
37 5 1 1 1 1 0 1 1 0
38 3 0 0 2 1 0 1 0 0
40 4 0 0 3 0 0 0 0 0
fl=/build/glibc-Cl5G7W/glibc-2.23/misc/sbrk.c
fn=sbrk
34 1720 1 1 0 0 0 1290 1 0
42 3007 0 0 1289 859 1 0 0 0
43 6 1 1 1 0 0 1 0 0
46 860 0 0 0 0 0 0 0 0
50 2574 0 0 0 0 0 0 0 0
55 377 0 0 0 0 0 0 0 0
58 1716 0 0 0 0 0 429 0 0
62 2150 1 1 1720 0 0 0 0 0
fl=/build/glibc-Cl5G7W/glibc-2.23/nptl/unregister-atfork.c
fn=__unregister_atfork
28 4 1 1 0 0 0 2 0 0
36 1 0 0 1 0 0 0 0 0
39 2 1 1 0 0 0 0 0 0
121 3 0 0 3 0 0 0 0 0
fl=/build/glibc-Cl5G7W/glibc-2.23/posix/../sysdeps/unix/syscall-template.S
fn=uname
84 4 1 1 0 0 0 0 0 0
85 1 0 0 1 0 0 0 0 0
fl=/build/glibc-Cl5G7W/glibc-2.23/posix/../sysdeps/unix/sysv/linux/_exit.c
fn=_Exit
27 2 1 1 1 1 1 0 0 0
31 4 1 1 0 0 0 0 0 0
33 2 0 0 0 0 0 0 0 0
fl=/build/glibc-Cl5G7W/glibc-2.23/setjmp/../sysdeps/x86_64/bsd-_setjmp.S
fn=_setjmp
30 1 1 1 0 0 0 0 0 0
32 1 0 0 0 0 0 0 0 0
fl=/build/glibc-Cl5G7W/glibc-2.23/setjmp/../sysdeps/x86_64/setjmp.S
fn=__sigsetjmp
26 4 2 2 0 0 0 4 0 0
35 4 0 0 0 0 0 0 0 0
36 8 1 1 4 0 0 0 0 0
37 4 0 0 0 0 0 4 0 0
41 4 0 0 0 0 0 4 2 2
42 4 0 0 0 0 0 4 0 0
43 4 0 0 0 0 0 4 0 0
44 4 0 0 0 0 0 4 0 0
45 4 0 0 0 0 0 0 0 0
47 8 1 1 4 0 0 0 0 0
49 4 0 0 0 0 0 4 0 0
50 4 0 0 4 0 0 0 0 0
51 4 0 0 0 0 0 0 0 0
53 8 0 0 4 0 0 0 0 0
55 4 1 1 0 0 0 4 0 0
59 3 0 0 0 0 0 0 0 0
60 3 0 0 3 0 0 0 0 0
64 1 0 0 0 0 0 0 0 0
fl=/build/glibc-Cl5G7W/glibc-2.23/setjmp/sigjmp.c
fn=__sigjmp_save
28 3 0 0 0 0 0 1 0 0
29 3 0 0 0 0 0 1 0 0
34 3 0 0 2 0 0 0 0 0
fl=/build/glibc-Cl5G7W/glibc-2.23/stdlib/../stdlib/strtol.c
fn=strtol
106 8 1 1 4 0 0 0 0 0
fl=/build/glibc-Cl5G7W/glibc-2.23/stdlib/../stdlib/strtol_l.c
fn=____strtol_l_internal
227 18 1 1 0 0 0 12 0 0
247 2 1 1 0 0 0 0 0 0
253 4 0 0 0 0 0 0 0 0
274 2 1 1 0 0 0 0 0 0
275 2 0 0 0 0 0 0 0 0
284 8 0 0 0 0 0 0 0 0
293 12 0 0 6 2 1 0 0 0
295 4 1 1 0 0 0 0 0 0
299 2 0 0 0 0 0 2 0 0
300 4 0 0 0 0 0 0 0 0
305 4 0 0 0 0 0 0 0 0
309 4 0 0 0 0 0 0 0 0
319 4 0 0 0 0 0 0 0 0
326 4 1 1 0 0 0 0 0 0
329 6 1 1 0 0 0 2 0 0
348 8 2 2 0 0 0 2 0 0
371 2 0 0 0 0 0 0 0 0
433 16 1 1 8 0 0 0 0 0
435 42 0 0 2 0 0 0 0 0
437 24 0 0 0 0 0 0 0 0
451 10 1 1 2 0 0 4 0 0
454 2 0 0 2 1 0 0 0 0
455 8 0 0 2 0 0 0 0 0
465 24 1 1 0 0 0 0 0 0
468 32 0 0 8 0 0 0 0 0
473 12 0 0 0 0 0 2 0 0
474 32 1 1 0 0 0 0 0 0
479 4 0 0 0 0 0 0 0 0
484 4 0 0 0 0 0 0 0 0
490 4 0 0 0 0 0 0 0 0
491 6 2 2 0 0 0 0 0 0
493 6 1 1 2 0 0 0 0 0
508 4 1 1 0 0 0 0 0 0
526 16 1 1 14 0 0 0 0 0
fl=/build/glibc-Cl5G7W/glibc-2.23/stdlib/atoi.c
fn=atoi
26 2 1 1 0 0 0 0 0 0
27 6 0 0 0 0 0 2 0 0
28 4 0 0 2 0 0 0 0 0
fl=/build/glibc-Cl5G7W/glibc-2.23/stdlib/cxa_atexit.c
fn=__cxa_atexit
35 2 0 0 0 0 0 1 0 0
37 2 0 0 0 0 0 0 0 0
41 3 0 0 1 0 0 0 0 0
43 1 0 0 0 0 0 1 0 0
44 1 0 0 0 0 0 1 0 0
45 1 0 0 0 0 0 1 0 0
47 1 1 1 0 0 0 1 0 0
48 1 0 0 0 0 0 0 0 0
57 6 1 1 0 0 0 3 0 0
59 4 0 0 4 0 0 0 0 0
fn=__new_exitfn
73 4 1 1 0 0 0 2 0 0
79 6 1 1 2 2 2 0 0 0
81 9 1 1 2 1 0 0 0 0
83 3 1 1 1 1 0 0 0 0
91 2 0 0 0 0 0 1 0 0
112 1 1 1 0 0 0 0 0 0
113 2 1 1 0 0 0 1 0 0
126 1 1 1 0 0 0 1 0 0
127 1 0 0 1 1 1 0 0 0
130 4 0 0 2 0 0 0 0 0
133 5 0 0 3 0 0 0 0 0
fl=/build/glibc-Cl5G7W/glibc-2.23/stdlib/cxa_finalize.c
fn=__cxa_finalize
31 8 0 0 0 0 0 6 0 0
35 7 1 1 2 0 0 0 0 0
39 6 1 1 1 0 0 0 0 0
48 1 0 0 0 0 0 0 0 0
67 7 1 1 2 1 1 0 0 0
71 6 0 0 1 1 1 0 0 0
79 2 0 0 0 0 0 0 0 0
80 2 0 0 0 0 0 0 0 0
82 7 1 1 6 0 0 0 0 0
fl=/build/glibc-Cl5G7W/glibc-2.23/stdlib/cxa_thread_atexit_impl.c
fn=__call_tls_dtors
145 3 1 1 0 0 0 2 0 0
146 4 0 0 2 2 2 0 0 0
164 4 1 1 3 0 0 0 0 0
fl=/build/glibc-Cl5G7W/glibc-2.23/stdlib/exit.c
fn=__run_exit_handlers
35 8 1 1 0 0 0 4 0 0
40 2 0 0 1 1 1 1 0 0
46 8 0 0 2 1 1 0 0 0
50 6 1 1 0 0 0 0 0 0
52 1 0 0 0 0 0 1 0 0
53 1 0 0 0 0 0 0 0 0
54 5 0 0 1 0 0 0 0 0
78 2 1 1 0 0 0 0 0 0
80 3 0 0 2 1 0 0 0 0
82 3 0 0 1 0 0 1 0 0
83 1 0 0 0 0 0 0 0 0
87 2 0 0 1 0 0 1 0 0
88 2 0 0 0 0 0 0 0 0
94 2 1 1 0 0 0 0 0 0
95 8 0 0 1 1 1 1 0 0
97 2 0 0 0 0 0 1 0 0
fn=exit
103 1 0 0 0 0 0 0 0 0
104 3 2 2 0 0 0 1 0 0
fl=/build/glibc-Cl5G7W/glibc-2.23/stdlib/rand.c
fn=rand
26 50000000 1 1 0 0 0 0 0 0
27 50000000 0 0 0 0 0 50000000 0 0
28 100000000 0 0 50000000 0 0 0 0 0
fl=/build/glibc-Cl5G7W/glibc-2.23/stdlib/random.c
fn=random
288 50000000 1 1 0 0 0 0 0 0
291 300000000 0 0 100000000 2 1 0 0 0
293 150000000 1 1 0 0 0 50000000 0 0
295 200000000 0 0 100000000 0 0 0 0 0
297 50000000 1 1 50000000 0 0 0 0 0
298 100000000 0 0 50000000 0 0 0 0 0
fl=/build/glibc-Cl5G7W/glibc-2.23/stdlib/random_r.c
fn=random_r
357 200000000 1 1 0 0 0 0 0 0
360 148387097 1 1 50000000 0 0 0 0 0
362 150000000 0 0 50000000 1 1 0 0 0
371 50000000 0 0 50000000 0 0 0 0 0
372 50000000 0 0 50000000 0 0 0 0 0
373 50000000 0 0 50000000 1 1 0 0 0
376 150000000 0 0 100000000 3 2 50000000 0 0
378 100000000 0 0 0 0 0 50000000 0 0
379 50000000 0 0 0 0 0 0 0 0
380 100000000 0 0 0 0 0 0 0 0
383 50000000 0 0 0 0 0 0 0 0
391 50000000 0 0 0 0 0 50000000 0 0
392 98387097 0 0 48387097 0 0 50000000 0 0
394 51612903 0 0 1612903 0 0 0 0 0
fl=/build/glibc-Cl5G7W/glibc-2.23/string/../bits/stdlib-bsearch.h
fn=intel_check_word
27 8 0 0 0 0 0 0 0 0
28 16 0 0 0 0 0 0 0 0
29 112 0 0 0 0 0 0 0 0
31 152 0 0 0 0 0 0 0 0
32 54 0 0 0 0 0 0 0 0
37 10 1 1 0 0 0 0 0 0
fl=/build/glibc-Cl5G7W/glibc-2.23/string/../sysdeps/x86_64/cacheinfo.c
fn=handle_intel
261 16 0 0 0 0 0 12 0 0
262 4 1 1 0 0 0 0 0 0
273 6 0 0 0 0 0 2 0 0
275 2 1 1 0 0 0 2 0 0
276 4 0 0 0 0 0 2 0 0
278 2 0 0 0 0 0 0 0 0
284 10 1 1 0 0 0 2 0 0
289 4 0 0 0 0 0 0 0 0
291 6 0 0 0 0 0 2 0 0
292 2 0 0 0 0 0 0 0 0
296 8 0 0 0 0 0 2 0 0
297 4 0 0 0 0 0 0 0 0
300 10 1 1 0 0 0 2 0 0
301 4 0 0 0 0 0 0 0 0
318 16 1 1 14 0 0 0 0 0
fn=init_cacheinfo
482 5 1 1 0 0 0 5 0 0
494 4 0 0 2 0 0 0 0 0
496 5 0 0 1 0 0 1 0 0
499 1 0 0 0 0 0 0 0 0
500 4 1 1 0 0 0 1 0 0
502 2 0 0 0 0 0 0 0 0
511 2 0 0 0 0 0 0 0 0
513 1 0 0 1 0 0 0 0 0
514 1 0 0 1 0 0 0 0 0
516 1 0 0 0 0 0 0 0 0
521 18 1 1 0 0 0 0 0 0
527 8 0 0 0 0 0 0 0 0
530 20 0 0 0 0 0 0 0 0
532 1 1 1 0 0 0 0 0 0
538 6 0 0 0 0 0 0 0 0
545 11 1 1 0 0 0 0 0 0
547 2 0 0 0 0 0 0 0 0
548 2 0 0 0 0 0 0 0 0
549 8 0 0 0 0 0 0 0 0
551 4 0 0 0 0 0 0 0 0
556 1 0 0 0 0 0 0 0 0
558 3 0 0 0 0 0 0 0 0
559 4 0 0 0 0 0 0 0 0
564 2 0 0 0 0 0 0 0 0
565 6 1 1 0 0 0 0 0 0
596 4 0 0 0 0 0 0 0 0
597 5 0 0 0 0 0 0 0 0
652 2 0 0 0 0 0 0 0 0
654 3 1 1 0 0 0 1 0 0
655 1 0 0 0 0 0 1 1 1
657 1 0 0 0 0 0 0 0 0
658 3 0 0 0 0 0 1 0 0
659 1 0 0 0 0 0 1 0 0
662 2 0 0 0 0 0 0 0 0
664 3 0 0 0 0 0 1 0 0
665 1 0 0 0 0 0 1 0 0
667 1 1 1 0 0 0 0 0 0
668 3 0 0 0 0 0 1 0 0
669 1 0 0 0 0 0 1 0 0
671 6 0 0 6 0 0 0 0 0
fn=intel_check_word
121 108 0 0 54 6 6 0 0 0
124 54 1 1 0 0 0 0 0 0
132 24 0 0 0 0 0 16 0 0
133 8 1 1 0 0 0 0 0 0
135 2 0 0 0 0 0 0 0 0
139 28 1 1 0 0 0 0 0 0
141 24 0 0 0 0 0 0 0 0
143 10 0 0 0 0 0 0 0 0
145 20 0 0 0 0 0 0 0 0
153 20 1 1 0 0 0 0 0 0
165 17 1 1 0 0 0 0 0 0
168 15 0 0 0 0 0 0 0 0
172 10 1 1 0 0 0 0 0 0
174 10 0 0 0 0 0 0 0 0
175 26 0 0 0 0 0 0 0 0
177 21 0 0 0 0 0 0 0 0
178 10 0 0 0 0 0 0 0 0
179 10 0 0 0 0 0 0 0 0
180 6 0 0 0 0 0 0 0 0
182 2 1 1 0 0 0 0 0 0
184 4 0 0 0 0 0 0 0 0
186 32 2 2 0 0 0 0 0 0
197 3 0 0 0 0 0 0 0 0
204 16 0 0 0 0 0 0 0 0
209 8 0 0 4 0 0 0 0 0
212 24 0 0 8 0 0 0 0 0
226 8 0 0 0 0 0 0 0 0
251 8 0 0 0 0 0 0 0 0
256 24 0 0 20 0 0 0 0 0
fl=/build/glibc-Cl5G7W/glibc-2.23/string/../sysdeps/x86_64/memcpy.S
fn=mempcpy
61 17 1 1 0 0 0 0 0 0
65 17 0 0 0 0 0 0 0 0
68 16 0 0 0 0 0 0 0 0
69 16 0 0 0 0 0 0 0 0
71 7 0 0 7 2 2 0 0 0
72 7 0 0 0 0 0 7 3 3
74 7 1 1 0 0 0 0 0 0
75 7 0 0 0 0 0 0 0 0
80 16 0 0 0 0 0 0 0 0
81 16 0 0 0 0 0 0 0 0
83 10 0 0 10 0 0 0 0 0
84 10 0 0 0 0 0 10 0 0
86 10 0 0 0 0 0 0 0 0
87 10 0 0 0 0 0 0 0 0
92 16 0 0 0 0 0 0 0 0
93 16 0 0 0 0 0 0 0 0
95 5 0 0 5 0 0 0 0 0
96 5 0 0 0 0 0 5 0 0
98 5 0 0 0 0 0 0 0 0
99 5 0 0 0 0 0 0 0 0
104 16 0 0 0 0 0 0 0 0
105 16 0 0 0 0 0 0 0 0
107 7 0 0 7 0 0 0 0 0
108 7 0 0 0 0 0 7 0 0
110 7 0 0 0 0 0 0 0 0
111 14 0 0 0 0 0 0 0 0
116 16 1 1 0 0 0 0 0 0
117 18 0 0 0 0 0 0 0 0
122 2 0 0 2 0 0 0 0 0
123 2 0 0 2 0 0 0 0 0
124 2 0 0 0 0 0 2 1 1
125 2 0 0 0 0 0 2 0 0
127 2 0 0 0 0 0 0 0 0
129 2 0 0 0 0 0 0 0 0
130 2 0 0 0 0 0 0 0 0
132 2 0 0 0 0 0 0 0 0
138 16 0 0 0 0 0 0 0 0
142 16 0 0 16 0 0 0 0 0
154 2 0 0 0 0 0 0 0 0
156 2 0 0 0 0 0 0 0 0
157 2 0 0 0 0 0 0 0 0
183 2 1 1 0 0 0 0 0 0
184 2 0 0 0 0 0 0 0 0
187 2 0 0 0 0 0 0 0 0
188 2 0 0 0 0 0 0 0 0
189 2 0 0 0 0 0 0 0 0
194 2 0 0 0 0 0 0 0 0
196 2 0 0 2 0 0 0 0 0
197 2 0 0 2 0 0 0 0 0
198 2 0 0 2 0 0 0 0 0
199 2 1 1 2 0 0 0 0 0
201 2 0 0 0 0 0 2 0 0
202 2 0 0 0 0 0 2 0 0
203 2 0 0 0 0 0 2 0 0
204 2 0 0 0 0 0 2 0 0
206 2 0 0 0 0 0 0 0 0
207 2 0 0 0 0 0 0 0 0
209 2 0 0 0 0 0 0 0 0
231 2 1 1 0 0 0 0 0 0
233 2 0 0 0 0 0 0 0 0
235 1 0 0 0 0 0 0 0 0
242 1 0 0 1 0 0 0 0 0
fl=/build/glibc-Cl5G7W/glibc-2.23/string/../sysdeps/x86_64/multiarch/../memcmp.S
fn=bcmp
24 13 1 1 0 0 0 0 0 0
25 13 0 0 0 0 0 0 0 0
26 13 0 0 0 0 0 0 0 0
27 13 0 0 0 0 0 0 0 0
28 13 0 0 0 0 0 0 0 0
29 13 0 0 0 0 0 0 0 0
30 13 0 0 0 0 0 0 0 0
31 13 1 1 0 0 0 0 0 0
34 13 0 0 0 0 0 0 0 0
35 13 0 0 0 0 0 0 0 0
36 5 0 0 5 1 1 0 0 0
37 5 0 0 5 3 3 0 0 0
38 5 0 0 0 0 0 0 0 0
39 5 0 0 0 0 0 0 0 0
40 5 0 0 0 0 0 0 0 0
41 5 0 0 0 0 0 0 0 0
42 5 0 0 0 0 0 0 0 0
44 12 0 0 0 0 0 0 0 0
45 12 0 0 0 0 0 0 0 0
46 4 0 0 4 0 0 0 0 0
47 4 0 0 4 0 0 0 0 0
48 4 0 0 0 0 0 0 0 0
49 4 0 0 0 0 0 0 0 0
50 4 0 0 0 0 0 0 0 0
51 4 0 0 0 0 0 0 0 0
52 4 0 0 0 0 0 0 0 0
54 12 1 1 0 0 0 0 0 0
55 12 0 0 0 0 0 0 0 0
56 5 0 0 5 1 1 0 0 0
57 5 0 0 5 1 1 0 0 0
58 5 0 0 0 0 0 0 0 0
59 5 0 0 0 0 0 0 0 0
60 2 0 0 0 0 0 0 0 0
61 2 0 0 0 0 0 0 0 0
62 2 0 0 0 0 0 0 0 0
64 9 0 0 0 0 0 0 0 0
65 9 0 0 0 0 0 0 0 0
66 5 0 0 5 0 0 0 0 0
67 5 0 0 5 2 2 0 0 0
68 5 0 0 0 0 0 0 0 0
69 5 0 0 0 0 0 0 0 0
74 4 0 0 4 3 3 0 0 0
75 4 0 0 4 0 0 0 0 0
76 4 0 0 0 0 0 0 0 0
77 4 0 0 0 0 0 0 0 0
78 4 0 0 0 0 0 0 0 0
79 4 0 0 0 0 0 0 0 0
80 4 0 0 0 0 0 0 0 0
81 2 0 0 0 0 0 0 0 0
82 2 0 0 0 0 0 0 0 0
83 2 0 0 2 0 0 0 0 0
84 2 0 0 2 0 0 0 0 0
85 2 0 0 0 0 0 0 0 0
92 2 0 0 0 0 0 0 0 0
94 3 0 0 3 0 0 0 0 0
98 8 1 1 0 0 0 0 0 0
99 8 0 0 0 0 0 0 0 0
100 1 0 0 0 0 0 0 0 0
101 1 0 0 0 0 0 0 0 0
102 1 0 0 0 0 0 0 0 0
103 1 0 0 0 0 0 0 0 0
104 1 0 0 0 0 0 0 0 0
105 1 0 0 0 0 0 0 0 0
106 1 0 0 0 0 0 0 0 0
107 1 0 0 0 0 0 0 0 0
108 1 0 0 0 0 0 0 0 0
109 1 0 0 0 0 0 0 0 0
110 1 0 0 1 0 0 0 0 0
114 9 1 1 0 0 0 0 0 0
115 9 0 0 9 0 0 0 0 0
fl=/build/glibc-Cl5G7W/glibc-2.23/string/../sysdeps/x86_64/multiarch/../memcpy.S
fn=memcpy
61 15 1 1 0 0 0 0 0 0
63 15 0 0 0 0 0 0 0 0
65 15 0 0 0 0 0 0 0 0
68 13 0 0 0 0 0 0 0 0
69 13 0 0 0 0 0 0 0 0
71 5 0 0 5 0 0 0 0 0
72 5 0 0 0 0 0 5 2 2
74 5 0 0 0 0 0 0 0 0
75 5 0 0 0 0 0 0 0 0
80 13 0 0 0 0 0 0 0 0
81 13 0 0 0 0 0 0 0 0
83 4 0 0 4 0 0 0 0 0
84 4 0 0 0 0 0 4 1 1
86 4 0 0 0 0 0 0 0 0
87 8 0 0 0 0 0 0 0 0
92 13 1 1 0 0 0 0 0 0
93 13 0 0 0 0 0 0 0 0
95 4 0 0 4 0 0 0 0 0
96 4 0 0 0 0 0 4 0 0
98 4 0 0 0 0 0 0 0 0
99 4 0 0 0 0 0 0 0 0
104 13 0 0 0 0 0 0 0 0
105 13 0 0 0 0 0 0 0 0
107 8 0 0 8 0 0 0 0 0
108 8 0 0 0 0 0 8 1 1
110 8 0 0 0 0 0 0 0 0
111 8 0 0 0 0 0 0 0 0
116 13 0 0 0 0 0 0 0 0
117 18 0 0 0 0 0 0 0 0
122 5 0 0 5 0 0 0 0 0
123 5 0 0 5 0 0 0 0 0
124 5 0 0 0 0 0 5 2 2
125 5 0 0 0 0 0 5 0 0
127 5 0 0 0 0 0 0 0 0
129 5 0 0 0 0 0 0 0 0
130 5 0 0 0 0 0 0 0 0
132 5 0 0 0 0 0 0 0 0
140 13 1 1 13 0 0 0 0 0
148 6 0 0 0 0 0 6 0 0
154 6 0 0 0 0 0 0 0 0
156 6 0 0 0 0 0 0 0 0
157 6 0 0 0 0 0 0 0 0
160 1 0 0 0 0 0 0 0 0
161 3 0 0 0 0 0 0 0 0
166 3 0 0 3 0 0 0 0 0
167 3 0 0 0 0 0 3 0 0
169 3 0 0 0 0 0 0 0 0
171 3 0 0 0 0 0 0 0 0
172 3 0 0 0 0 0 0 0 0
174 5 0 0 0 0 0 0 0 0
183 6 1 1 0 0 0 0 0 0
184 6 0 0 0 0 0 0 0 0
187 6 0 0 0 0 0 0 0 0
188 6 0 0 0 0 0 0 0 0
189 6 0 0 0 0 0 0 0 0
194 5 0 0 0 0 0 0 0 0
196 5 0 0 5 0 0 0 0 0
197 5 0 0 5 0 0 0 0 0
198 5 0 0 5 0 0 0 0 0
199 5 1 1 5 0 0 0 0 0
201 5 0 0 0 0 0 5 3 3
202 5 0 0 0 0 0 5 0 0
203 5 0 0 0 0 0 5 1 1
204 5 0 0 0 0 0 5 0 0
206 5 0 0 0 0 0 0 0 0
207 5 0 0 0 0 0 0 0 0
209 5 0 0 0 0 0 0 0 0
231 6 1 1 0 0 0 0 0 0
237 6 0 0 6 0 0 0 0 0
238 6 0 0 0 0 0 0 0 0
240 2 0 0 2 0 0 0 0 0
fl=/build/glibc-Cl5G7W/glibc-2.23/string/../sysdeps/x86_64/multiarch/../memset.S
fn=__GI_memset
53 10004 1 1 0 0 0 0 0 0
54 10004 0 0 0 0 0 0 0 0
55 10004 0 0 0 0 0 0 0 0
56 10004 0 0 0 0 0 0 0 0
57 10004 0 0 0 0 0 0 0 0
59 10004 0 0 0 0 0 0 0 0
60 10004 0 0 0 0 0 0 0 0
77 10004 1 1 0 0 0 0 0 0
78 10004 0 0 0 0 0 10004 2313 2313
79 10004 0 0 0 0 0 0 0 0
80 10004 0 0 0 0 0 10004 2364 2364
81 10004 0 0 0 0 0 10004 2313 2313
82 10004 0 0 0 0 0 10004 2638 2638
83 10004 0 0 0 0 0 10004 2689 2689
84 10004 0 0 0 0 0 10004 2689 2689
85 10004 0 0 0 0 0 10004 2689 2689
86 10004 1 1 0 0 0 10004 2313 2313
87 10004 0 0 0 0 0 0 0 0
88 10004 0 0 0 0 0 0 0 0
89 10004 0 0 0 0 0 0 0 0
90 20008 0 0 0 0 0 0 0 0
93 6221079 0 0 0 0 0 6221079 6213337 6203384
94 6221079 0 0 0 0 0 6221079 0 0
95 6221079 0 0 0 0 0 6221079 0 0
96 6221079 0 0 0 0 0 6221079 0 0
97 6221079 0 0 0 0 0 0 0 0
98 6221079 0 0 0 0 0 0 0 0
99 6221079 0 0 0 0 0 0 0 0
100 10004 0 0 10004 9953 0 0 0 0
fn=memset
53 13 1 1 0 0 0 0 0 0
54 13 0 0 0 0 0 0 0 0
55 13 0 0 0 0 0 0 0 0
56 13 0 0 0 0 0 0 0 0
57 13 0 0 0 0 0 0 0 0
59 13 0 0 0 0 0 0 0 0
60 13 0 0 0 0 0 0 0 0
61 11 0 0 0 0 0 0 0 0
62 11 0 0 0 0 0 0 0 0
77 2 1 1 0 0 0 0 0 0
78 2 0 0 0 0 0 2 1 1
79 2 0 0 0 0 0 0 0 0
80 2 0 0 0 0 0 2 2 2
81 2 0 0 0 0 0 2 0 0
82 2 0 0 0 0 0 2 0 0
83 2 0 0 0 0 0 2 1 1
84 2 0 0 0 0 0 2 0 0
85 2 0 0 0 0 0 2 0 0
86 2 0 0 0 0 0 2 0 0
87 2 0 0 0 0 0 0 0 0
88 2 0 0 0 0 0 0 0 0
89 2 0 0 0 0 0 0 0 0
90 4 0 0 0 0 0 0 0 0
93 36 0 0 0 0 0 36 33 33
94 36 0 0 0 0 0 36 0 0
95 36 0 0 0 0 0 36 0 0
96 36 0 0 0 0 0 36 0 0
97 36 0 0 0 0 0 0 0 0
98 36 0 0 0 0 0 0 0 0
99 36 0 0 0 0 0 0 0 0
100 2 0 0 2 0 0 0 0 0
103 11 1 1 0 0 0 0 0 0
104 11 0 0 0 0 0 0 0 0
105 11 0 0 0 0 0 0 0 0
106 4 0 0 0 0 0 0 0 0
107 4 0 0 0 0 0 0 0 0
108 2 0 0 0 0 0 0 0 0
109 2 0 0 0 0 0 0 0 0
112 2 0 0 0 0 0 0 0 0
113 2 0 0 0 0 0 0 0 0
114 2 0 0 0 0 0 2 0 0
115 2 0 0 2 0 0 0 0 0
117 2 0 0 0 0 0 2 0 0
118 2 0 0 0 0 0 2 0 0
119 2 0 0 2 0 0 0 0 0
121 7 0 0 0 0 0 7 2 2
122 7 0 0 0 0 0 7 0 0
123 7 0 0 7 0 0 0 0 0
fl=/build/glibc-Cl5G7W/glibc-2.23/string/../sysdeps/x86_64/multiarch/../strchr.S
fn=index
24 7 1 1 0 0 0 0 0 0
25 7 0 0 0 0 0 0 0 0
26 7 0 0 0 0 0 0 0 0
27 7 0 0 0 0 0 0 0 0
28 7 0 0 0 0 0 0 0 0
29 7 0 0 0 0 0 0 0 0
30 7 0 0 0 0 0 0 0 0
31 7 1 1 0 0 0 0 0 0
32 7 0 0 7 2 2 0 0 0
33 7 0 0 0 0 0 0 0 0
34 7 0 0 0 0 0 0 0 0
35 7 0 0 0 0 0 0 0 0
36 7 0 0 0 0 0 0 0 0
37 7 0 0 0 0 0 0 0 0
38 7 0 0 0 0 0 0 0 0
39 7 0 0 0 0 0 0 0 0
40 7 0 0 0 0 0 0 0 0
41 5 0 0 0 0 0 0 0 0
45 5 0 0 0 0 0 0 0 0
46 5 0 0 0 0 0 0 0 0
47 5 0 0 5 0 0 0 0 0
48 5 0 0 0 0 0 0 0 0
50 5 0 0 5 0 0 0 0 0
54 2 0 0 2 1 1 0 0 0
55 2 1 1 0 0 0 0 0 0
56 2 0 0 0 0 0 0 0 0
57 2 0 0 0 0 0 0 0 0
58 2 0 0 0 0 0 0 0 0
59 2 0 0 0 0 0 0 0 0
60 2 0 0 2 0 0 0 0 0
61 2 0 0 0 0 0 0 0 0
62 2 0 0 0 0 0 0 0 0
63 2 0 0 0 0 0 0 0 0
64 2 0 0 0 0 0 0 0 0
65 2 0 0 0 0 0 0 0 0
66 2 0 0 0 0 0 0 0 0
67 2 0 0 2 0 0 0 0 0
68 2 0 0 0 0 0 0 0 0
69 2 0 0 0 0 0 0 0 0
70 2 0 0 0 0 0 0 0 0
71 2 1 1 0 0 0 0 0 0
72 2 0 0 0 0 0 0 0 0
73 2 0 0 0 0 0 0 0 0
74 2 0 0 0 0 0 0 0 0
75 2 0 0 0 0 0 0 0 0
76 2 0 0 0 0 0 0 0 0
77 2 0 0 0 0 0 0 0 0
129 2 1 1 0 0 0 0 0 0
133 2 0 0 0 0 0 0 0 0
134 2 0 0 0 0 0 0 0 0
135 2 0 0 2 0 0 0 0 0
136 2 0 0 0 0 0 0 0 0
138 2 0 0 2 0 0 0 0 0
fl=/build/glibc-Cl5G7W/glibc-2.23/string/../sysdeps/x86_64/multiarch/../strcmp.S
fn=strcmp
144 188 1 1 0 0 0 0 0 0
145 188 0 0 0 0 0 0 0 0
147 188 0 0 0 0 0 0 0 0
148 188 0 0 0 0 0 0 0 0
169 188 0 0 0 0 0 0 0 0
170 188 0 0 0 0 0 0 0 0
171 148 0 0 0 0 0 0 0 0
172 148 0 0 0 0 0 0 0 0
173 144 0 0 144 17 12 0 0 0
174 144 0 0 144 6 3 0 0 0
175 144 0 0 144 0 0 0 0 0
176 144 0 0 144 0 0 0 0 0
197 144 0 0 0 0 0 0 0 0
198 144 0 0 0 0 0 0 0 0
199 144 0 0 0 0 0 0 0 0
200 144 0 0 0 0 0 0 0 0
201 144 0 0 0 0 0 0 0 0
202 144 0 0 0 0 0 0 0 0
203 144 0 0 0 0 0 0 0 0
208 5 0 0 0 0 0 0 0 0
209 5 0 0 0 0 0 0 0 0
218 49 1 1 0 0 0 0 0 0
219 49 0 0 0 0 0 0 0 0
220 49 0 0 0 0 0 0 0 0
221 49 0 0 0 0 0 0 0 0
222 49 0 0 0 0 0 0 0 0
223 49 0 0 0 0 0 0 0 0
224 49 0 0 0 0 0 0 0 0
225 49 0 0 0 0 0 0 0 0
226 47 0 0 0 0 0 0 0 0
227 40 0 0 0 0 0 0 0 0
228 40 0 0 0 0 0 0 0 0
229 40 0 0 0 0 0 0 0 0
231 47 0 0 0 0 0 0 0 0
232 47 0 0 0 0 0 0 0 0
233 47 1 1 0 0 0 0 0 0
234 47 0 0 47 4 3 0 0 0
235 47 0 0 0 0 0 0 0 0
236 47 0 0 0 0 0 0 0 0
246 2 0 0 2 0 0 0 0 0
247 2 0 0 0 0 0 0 0 0
248 2 0 0 0 0 0 0 0 0
250 2 0 0 2 1 1 0 0 0
256 2 0 0 0 0 0 0 0 0
257 2 0 0 0 0 0 0 0 0
258 2 0 0 0 0 0 0 0 0
259 2 0 0 0 0 0 0 0 0
260 2 0 0 0 0 0 0 0 0
265 2 0 0 0 0 0 0 0 0
1196 4 1 1 0 0 0 0 0 0
1197 4 0 0 4 0 0 0 0 0
1198 4 0 0 4 0 0 0 0 0
1199 4 0 0 0 0 0 0 0 0
1200 4 1 1 0 0 0 0 0 0
1202 4 0 0 0 0 0 0 0 0
1203 4 0 0 0 0 0 0 0 0
1204 4 0 0 0 0 0 0 0 0
1205 4 0 0 0 0 0 0 0 0
1206 4 0 0 0 0 0 0 0 0
1207 4 0 0 0 0 0 0 0 0
1208 4 0 0 0 0 0 0 0 0
1321 18 2 1 0 0 0 0 0 0
1322 18 0 0 18 1 0 0 0 0
1323 18 0 0 18 1 0 0 0 0
1324 18 0 0 0 0 0 0 0 0
1325 18 2 1 0 0 0 0 0 0
1327 18 0 0 0 0 0 0 0 0
1328 18 0 0 0 0 0 0 0 0
1329 18 0 0 0 0 0 0 0 0
1330 18 0 0 0 0 0 0 0 0
1331 18 0 0 0 0 0 0 0 0
1332 18 0 0 0 0 0 0 0 0
1333 18 0 0 0 0 0 0 0 0
1446 1 1 1 0 0 0 0 0 0
1447 1 0 0 1 0 0 0 0 0
1448 1 0 0 1 1 1 0 0 0
1449 1 0 0 0 0 0 0 0 0
1450 1 1 1 0 0 0 0 0 0
1452 1 0 0 0 0 0 0 0 0
1453 1 0 0 0 0 0 0 0 0
1454 1 0 0 0 0 0 0 0 0
1455 1 0 0 0 0 0 0 0 0
1456 1 0 0 0 0 0 0 0 0
1457 1 0 0 0 0 0 0 0 0
1458 1 0 0 0 0 0 0 0 0
1571 1 1 1 0 0 0 0 0 0
1572 1 0 0 1 0 0 0 0 0
1573 1 0 0 1 0 0 0 0 0
1574 1 0 0 0 0 0 0 0 0
1575 1 1 1 0 0 0 0 0 0
1577 1 0 0 0 0 0 0 0 0
1578 1 0 0 0 0 0 0 0 0
1579 1 0 0 0 0 0 0 0 0
1580 1 0 0 0 0 0 0 0 0
1581 1 0 0 0 0 0 0 0 0
1582 1 0 0 0 0 0 0 0 0
1583 1 0 0 0 0 0 0 0 0
1696 1 1 1 0 0 0 0 0 0
1697 1 0 0 1 0 0 0 0 0
1698 1 0 0 1 1 1 0 0 0
1699 1 0 0 0 0 0 0 0 0
1700 1 1 1 0 0 0 0 0 0
1702 1 0 0 0 0 0 0 0 0
1703 1 0 0 0 0 0 0 0 0
1704 1 0 0 0 0 0 0 0 0
1705 1 0 0 0 0 0 0 0 0
1706 1 0 0 0 0 0 0 0 0
1707 1 0 0 0 0 0 0 0 0
1708 1 0 0 0 0 0 0 0 0
1821 3 1 1 0 0 0 0 0 0
1822 3 0 0 3 0 0 0 0 0
1823 3 0 0 3 1 0 0 0 0
1824 3 0 0 0 0 0 0 0 0
1825 3 1 1 0 0 0 0 0 0
1827 3 0 0 0 0 0 0 0 0
1828 3 0 0 0 0 0 0 0 0
1829 3 0 0 0 0 0 0 0 0
1830 3 0 0 0 0 0 0 0 0
1831 3 0 0 0 0 0 0 0 0
1832 3 0 0 0 0 0 0 0 0
1833 3 0 0 0 0 0 0 0 0
1834 3 0 0 3 0 0 0 0 0
1838 3 0 0 0 0 0 0 0 0
1839 3 0 0 0 0 0 0 0 0
1840 3 0 0 0 0 0 0 0 0
1846 3 0 0 0 0 0 0 0 0
1847 3 0 0 0 0 0 0 0 0
1848 6 1 1 0 0 0 0 0 0
1852 3 0 0 0 0 0 0 0 0
1853 3 0 0 0 0 0 0 0 0
1856 3 0 0 3 0 0 0 0 0
1857 3 0 0 3 1 1 0 0 0
1858 3 0 0 0 0 0 0 0 0
1861 3 0 0 0 0 0 0 0 0
1862 3 0 0 0 0 0 0 0 0
1863 3 0 0 0 0 0 0 0 0
1869 3 0 0 0 0 0 0 0 0
1870 3 0 0 0 0 0 0 0 0
1871 3 1 1 0 0 0 0 0 0
1872 3 0 0 0 0 0 0 0 0
1873 3 0 0 0 0 0 0 0 0
1874 3 0 0 0 0 0 0 0 0
1946 3 1 1 0 0 0 0 0 0
1947 3 0 0 3 1 1 0 0 0
1948 3 0 0 3 0 0 0 0 0
1949 3 0 0 0 0 0 0 0 0
1950 3 1 1 0 0 0 0 0 0
1952 3 0 0 0 0 0 0 0 0
1953 3 0 0 0 0 0 0 0 0
1954 3 0 0 0 0 0 0 0 0
1955 3 0 0 0 0 0 0 0 0
1956 3 0 0 0 0 0 0 0 0
1957 3 0 0 0 0 0 0 0 0
1958 3 0 0 0 0 0 0 0 0
1959 1 0 0 1 0 0 0 0 0
1963 1 0 0 0 0 0 0 0 0
1964 1 0 0 0 0 0 0 0 0
1965 1 0 0 0 0 0 0 0 0
1971 1 0 0 0 0 0 0 0 0
1972 1 0 0 0 0 0 0 0 0
1973 2 1 1 0 0 0 0 0 0
1977 1 0 0 0 0 0 0 0 0
1978 1 0 0 0 0 0 0 0 0
1981 1 0 0 1 0 0 0 0 0
1982 1 0 0 1 1 1 0 0 0
1983 1 0 0 0 0 0 0 0 0
1986 1 0 0 0 0 0 0 0 0
1987 1 0 0 0 0 0 0 0 0
1988 1 0 0 0 0 0 0 0 0
1994 1 0 0 0 0 0 0 0 0
1995 1 0 0 0 0 0 0 0 0
1996 1 1 1 0 0 0 0 0 0
1997 1 0 0 0 0 0 0 0 0
1998 1 0 0 0 0 0 0 0 0
1999 1 0 0 0 0 0 0 0 0
2071 16 1 1 0 0 0 0 0 0
2072 16 0 0 16 2 2 0 0 0
2073 16 0 0 16 1 1 0 0 0
2074 16 0 0 0 0 0 0 0 0
2075 16 1 1 0 0 0 0 0 0
2077 16 0 0 0 0 0 0 0 0
2078 16 0 0 0 0 0 0 0 0
2079 16 0 0 0 0 0 0 0 0
2080 16 0 0 0 0 0 0 0 0
2081 16 0 0 0 0 0 0 0 0
2082 16 0 0 0 0 0 0 0 0
2083 16 0 0 0 0 0 0 0 0
2200 4 0 0 0 0 0 0 0 0
2202 49 1 1 0 0 0 0 0 0
2203 49 0 0 0 0 0 0 0 0
2204 49 0 0 0 0 0 0 0 0
2205 49 1 1 0 0 0 0 0 0
2206 120 0 0 0 0 0 0 0 0
2211 188 0 0 0 0 0 0 0 0
2217 188 0 0 188 0 0 0 0 0
2218 188 0 0 188 0 0 0 0 0
2226 188 0 0 0 0 0 0 0 0
2227 188 0 0 188 0 0 0 0 0
fl=/build/glibc-Cl5G7W/glibc-2.23/string/../sysdeps/x86_64/multiarch/strcmp.S
fn=strcasecmp
109 1 1 1 1 0 0 0 0 0
110 1 0 0 0 0 0 0 0 0
111 1 0 0 1 1 0 0 0 0
112 1 0 0 0 0 0 0 0 0
122 1 1 1 1 0 0 0 0 0
fn=strncasecmp
129 1 1 1 1 0 0 0 0 0
130 1 0 0 0 0 0 0 0 0
131 1 1 1 1 0 0 0 0 0
132 1 0 0 0 0 0 0 0 0
142 1 1 1 1 0 0 0 0 0
fl=/build/glibc-Cl5G7W/glibc-2.23/string/../sysdeps/x86_64/multiarch/strcspn.S
fn=strcspn
45 1 1 1 1 0 0 0 0 0
46 1 0 0 0 0 0 0 0 0
47 1 0 0 1 1 0 0 0 0
48 1 0 0 0 0 0 0 0 0
49 1 0 0 0 0 0 0 0 0
50 1 0 0 1 0 0 0 0 0
fn=strpbrk
45 1 1 1 1 0 0 0 0 0
46 1 0 0 0 0 0 0 0 0
47 1 1 1 1 0 0 0 0 0
48 1 0 0 0 0 0 0 0 0
49 1 0 0 0 0 0 0 0 0
50 1 0 0 1 0 0 0 0 0
fl=/build/glibc-Cl5G7W/glibc-2.23/string/../sysdeps/x86_64/multiarch/strspn.S
fn=strspn
30 1 1 1 1 0 0 0 0 0
31 1 0 0 0 0 0 0 0 0
32 1 0 0 1 0 0 0 0 0
33 1 0 0 0 0 0 0 0 0
34 1 0 0 0 0 0 0 0 0
35 1 0 0 1 0 0 0 0 0
fl=/build/glibc-Cl5G7W/glibc-2.23/string/../sysdeps/x86_64/strlen.S
fn=strlen
66 13 1 1 0 0 0 0 0 0
67 13 0 0 0 0 0 0 0 0
68 13 0 0 0 0 0 0 0 0
69 13 0 0 0 0 0 0 0 0
70 13 0 0 0 0 0 0 0 0
71 13 0 0 0 0 0 0 0 0
72 13 0 0 0 0 0 0 0 0
74 13 0 0 0 0 0 0 0 0
76 13 0 0 0 0 0 0 0 0
106 12 0 0 12 1 1 0 0 0
107 12 0 0 0 0 0 0 0 0
108 12 1 1 0 0 0 0 0 0
109 12 0 0 0 0 0 0 0 0
110 12 0 0 0 0 0 0 0 0
111 6 0 0 0 0 0 0 0 0
112 6 0 0 6 0 0 0 0 0
116 6 0 0 0 0 0 0 0 0
117 6 0 0 6 0 0 0 0 0
118 6 0 0 6 0 0 0 0 0
119 6 0 0 6 0 0 0 0 0
120 6 0 0 0 0 0 0 0 0
121 6 0 0 0 0 0 0 0 0
122 6 0 0 0 0 0 0 0 0
123 6 0 0 0 0 0 0 0 0
124 6 0 0 0 0 0 0 0 0
125 6 0 0 0 0 0 0 0 0
126 6 0 0 0 0 0 0 0 0
127 6 0 0 0 0 0 0 0 0
132 48 0 0 6 0 0 0 0 0
136 1 1 1 0 0 0 0 0 0
137 14 1 1 4 0 0 0 0 0
138 8 0 0 1 0 0 0 0 0
fl=/build/glibc-Cl5G7W/glibc-2.23/string/../sysdeps/x86_64/strrchr.S
fn=rindex
24 1 1 1 0 0 0 0 0 0
25 1 0 0 0 0 0 0 0 0
26 1 0 0 0 0 0 0 0 0
27 1 0 0 0 0 0 0 0 0
28 1 0 0 0 0 0 0 0 0
29 1 0 0 0 0 0 0 0 0
30 1 0 0 0 0 0 0 0 0
31 1 0 0 0 0 0 0 0 0
32 1 0 0 1 1 0 0 0 0
33 1 0 0 0 0 0 0 0 0
34 1 0 0 0 0 0 0 0 0
35 1 0 0 0 0 0 0 0 0
36 1 0 0 0 0 0 0 0 0
37 1 0 0 0 0 0 0 0 0
38 1 1 1 0 0 0 0 0 0
39 1 0 0 0 0 0 0 0 0
40 1 0 0 0 0 0 0 0 0
41 1 0 0 0 0 0 0 0 0
42 1 0 0 0 0 0 0 0 0
43 1 0 0 0 0 0 0 0 0
44 1 0 0 0 0 0 0 0 0
45 1 0 0 0 0 0 0 0 0
46 1 0 0 0 0 0 0 0 0
47 1 0 0 1 0 0 0 0 0
fl=/build/glibc-Cl5G7W/glibc-2.23/string/strdup.c
fn=strdup
40 12 1 1 0 0 0 6 0 0
41 6 0 0 0 0 0 3 0 0
42 6 0 0 0 0 0 3 0 0
44 6 0 0 0 0 0 0 0 0
47 12 0 0 0 0 0 0 0 0
48 9 0 0 6 0 0 0 0 0
fl=/build/glibc-Cl5G7W/glibc-2.23/time/../sysdeps/generic/dl-hash.h
fn=gettimeofday
45 12 0 0 4 0 0 0 0 0
48 12 0 0 0 0 0 0 0 0
62 16 0 0 0 0 0 0 0 0
fn=time
45 12 0 0 4 1 1 0 0 0
48 12 0 0 0 0 0 0 0 0
62 16 1 1 0 0 0 0 0 0
fl=/build/glibc-Cl5G7W/glibc-2.23/time/../sysdeps/unix/sysv/linux/x86/gettimeofday.c
fn=gettimeofday
36 1 0 0 0 0 0 0 0 0
37 11 2 2 0 0 0 4 0 0
40 3 1 1 0 0 0 1 0 0
41 3 0 0 0 0 0 0 0 0
42 2 0 0 1 0 0 0 0 0
fl=/build/glibc-Cl5G7W/glibc-2.23/time/../sysdeps/unix/sysv/linux/x86/time.c
fn=time
37 1 0 0 0 0 0 0 0 0
38 11 1 1 0 0 0 4 0 0
41 3 0 0 0 0 0 1 0 0
42 3 1 1 0 0 0 0 0 0
43 2 0 0 1 0 0 0 0 0
fl=???
fn=???
0 50015194 19 16 50015102 9959 5 26 2 1
fn=BorrarMatriz
0 70036 0 0 30010 1251 7 10012 0 0
fn=CargarMatriz
0 900090038 3 3 350050010 6260000 23409 100010016 49999997 48980800
fn=CrearMatriz
0 230098 4 4 90036 9953 0 20020 9953 1208
fn=GenerarDato
0 1250000000 2 2 150000000 0 0 200000000 0 0
fn=SumarElementos
0 950045016 3 3 425025004 56259997 49003734 25005008 0 0
fn=__libc_csu_init
0 34 3 3 8 1 0 8 0 0
fn=_dl_debug_initialize
0 4 0 0 3 0 0 0 0 0
fn=_start
0 11 2 2 1 0 0 3 0 0
fn=main
0 81 5 5 31 5 3 23 2 2
fn=memcpy@GLIBC_2.2.5
0 11 2 2 3 0 0 0 0 0
summary: 5545798494 926 915 1725817969 62678451 49039469 650451651 56299551 55219390
